0, 0, 0, 0, 0, 0, 0
1, 0, 0, 0, 0, 0, 0
2, 0, 0, 0, 0, 20.9107, 54.8094
3, 0, 0, 0, 0, 20.9107, 54.8094
4, 0, 0, 0, 0, 20.9107, 54.8094
5, 0, 0, 0, 0, 20.9107, 54.8094
6, 0, 0, 0, 0, 20.9107, 54.8094
7, 0, 0, 0, 0, 20.9107, 54.8094
8, 0, 0, 0, 0, 20.9107, 54.8094
9, 0, 0, 0, 0, 20.9107, 54.8094
10, 0, 0, 0, 0, 20.9107, 54.8094
11, 0, 0, 0, 0, 20.9107, 54.8094
12, 0, 0, 0, 0, 20.9107, 54.8094
13, 0, 0, 0, 0, 20.9107, 54.8094
14, 0, 0, 0, 0, 20.9107, 54.8094
15, 0, 0, 0, 0, 20.9107, 54.8094
16, 0, 0, 0, 0, 20.9107, 54.8094
17, 0, 0, 0, 0, 20.9107, 54.8094
18, 0, 0, 0, 0, 20.9107, 54.8094
19, 0, 0, 0, 0, 20.9107, 54.8094
20, 0, 0, 0, 0, 20.9107, 54.8094
21, 0, 0, 0, 0, 20.9107, 54.8094
22, 0, 0, 0, 0, 20.9107, 54.8094
23, 0, 0, 0, 0, 20.9107, 54.8094
24, 0, 0, 0, 0, 20.9107, 54.8094
25, 0, 0, 0, 0, 20.9107, 54.8094
26, 0, 0, 0, 0, 20.9107, 54.8094
27, 0, 0, 0, 0, 20.9107, 54.8094
28, 0, 0, 0, 0, 20.9107, 54.8094
29, 0, 0, 0, 0, 20.9107, 54.8094
30, 0, 0, 0, 0, 20.9107, 54.8094
31, 0, 0, 0, 0, 20.9107, 54.8094
32, 0, 0, 0, 0, 20.9107, 54.8094
33, 0, 0, 0, 0, 20.9107, 54.8094
34, 0, 0, 0, 0, 20.9107, 54.8094
35, 0, 0, 0, 0, 20.9107, 54.8094
36, 0, 0, 0, 0, 20.9107, 54.8094
37, 0, 0, 0, 0, 20.9107, 54.8094
38, 0, 0, 0, 0, 20.9107, 54.8094
39, 0, 0, 0, 0, 20.9107, 54.8094
40, 0, 0, 0, 0, 20.9107, 54.8094
41, 0, 0, 0, 0, 20.9107, 54.8094
42, 0, 0, 0, 0, 20.9107, 54.8094
43, 0, 0, 0, 0, 20.9107, 54.8094
44, 0, 0, 0, 0, 20.9107, 54.8094
45, 0, 0, 0, 0, 20.9107, 54.8094
46, 0, 0, 0, 0, 20.9107, 54.8094
47, 0, 0, 0, 0, 20.9107, 54.8094
48, 0, 0, 0, 0, 20.9107, 54.8094
49, 0, 0, 0, 0, 20.9107, 54.8094
50, 0, 0, 0, 0, 20.9107, 54.8094
51, 0, 0, 0, 0, 20.9107, 54.8094
52, 0, 0, 0, 0, 20.9107, 54.8094
53, 0, 0, 0, 0, 20.9107, 54.8094
54, 0, 0, 0, 0, 20.9107, 54.8094
55, 0, 0, 0, 0, 20.9107, 54.8094
56, 0, 0, 0, 0, 20.9107, 54.8094
57, 0, 0, 0, 0, 20.9107, 54.8094
58, 0, 0, 0, 0, 20.9107, 54.8094
59, 0, 0, 0, 0, 20.9107, 54.8094
60, 0, 0, 0, 0, 20.9107, 54.8094
61, 0, 0, 0, 0, 20.9107, 54.8094
62, 0, 0, 0, 0, 20.9107, 54.8094
63, 0, 0, 0, 0, 20.9107, 54.8094
64, 0, 0, 0, 0, 20.9107, 54.8094
65, 0, 0, 0, 0, 20.9107, 54.8094
66, 0, 0, 0, 0, 20.9107, 54.8094
67, 0, 0, 0, 0, 20.9107, 54.8094
68, 0, 0, 0, 0, 20.9107, 54.8094
69, 0, 0, 0, 0, 20.9107, 54.8094
70, 0, 0, 0, 0, 20.9107, 54.8094
71, 0, 0, 0, 0, 20.9107, 54.8094
72, 0, 0, 0, 0, 20.9107, 54.8094
73, 0, 0, 0, 0, 20.9107, 54.8094
74, 0, 0, 0, 0, 20.9107, 54.8094
75, 0, 0, 0, 0, 20.9107, 54.8094
76, 0, 0, 0, 0, 20.9107, 54.8094
77, 0, 0, 0, 0, 20.9107, 54.8094
78, 0, 0, 0, 0, 20.9107, 54.8094
79, 0, 0, 0, 0, 20.9107, 54.8094
80, 0, 0, 0, 0, 20.9107, 54.8094
81, 0, 0, 0, 0, 20.9107, 54.8094
82, 0, 0, 0, 0, 20.9107, 54.8094
83, 0, 0, 0, 0, 20.9107, 54.8094
84, 0, 0, 0, 0, 20.9107, 54.8094
85, 0, 0, 0, 0, 20.9107, 54.8094
86, 0, 0, 0, 0, 20.9107, 54.8094
87, 0, 0, 0, 0, 20.9107, 54.8094
88, 0, 0, 0, 0, 20.9107, 54.8094
89, 0, 0, 0, 0, 20.9107, 54.8094
90, 0, 0, 0, 0, 20.9107, 54.8094
91, 0, 0, 0, 0, 20.9107, 54.8094
92, 0, 0, 0, 0, 20.9107, 54.8094
93, 0, 0, 0, 0, 20.9107, 54.8094
94, 0, 0, 0, 0, 20.9107, 54.8094
95, 0, 0, 0, 0, 20.9107, 54.8094
96, 0, 0, 0, 0, 20.9107, 54.8094
97, 0, 0, 0, 0, 20.9107, 54.8094
98, 0, 0, 0, 0, 20.9107, 54.8094
99, 0, 0, 0, 0, 20.9107, 54.8094
100, 0, 0, 0, 0, 20.9107, 54.8094
101, 0, 0, 0, 0, 20.9107, 54.8094
102, 0, 0, 0, 0, 20.9107, 54.8094
103, 0, 0, 0, 0, 20.9107, 54.8094
104, 0, 0, 0, 0, 20.9107, 54.8094
105, 0, 0, 0, 0, 20.9107, 54.8094
106, 0, 0, 0, 0, 20.9107, 54.8094
107, 0, 0, 0, 0, 20.9107, 54.8094
108, 0, 0, 0, 0, 20.9107, 54.8094
109, 0, 0, 0, 0, 20.9107, 54.8094
110, 0, 0, 0, 0, 20.9107, 54.8094
111, 0, 0, 0, 0, 20.9107, 54.8094
112, 0, 0, 0, 0, 20.9107, 54.8094
113, 0, 0, 0, 0, 20.9107, 54.8094
114, 0, 0, 0, 0, 20.9107, 54.8094
115, 0, 0, 0, 0, 20.9107, 54.8094
116, 0, 0, 0, 0, 20.9107, 54.8094
117, 0, 0, 0, 0, 20.9107, 54.8094
118, 0, 0, 0, 0, 20.9107, 54.8094
119, 0, 0, 0, 0, 20.9107, 54.8094
120, 0, 0, 0, 0, 20.9107, 54.8094
121, 0, 0, 0, 0, 20.9107, 54.8094
122, 0, 0, 0, 0, 20.9107, 54.8094
123, 0, 0, 0, 0, 20.9107, 54.8094
124, 0, 0, 0, 0, 20.9107, 54.8094
125, 0, 0, 0, 0, 20.9107, 54.8094
126, 0, 0, 0, 0, 20.9107, 54.8094
127, 0, 0, 0, 0, 20.9107, 54.8094
128, 0, 0, 0, 0, 20.9107, 54.8094
129, 0, 0, 0, 0, 20.9107, 54.8094
130, 0, 0, 0, 0, 20.9107, 54.8094
131, 0, 0, 0, 0, 20.9107, 54.8094
132, 0, 0, 0, 0, 20.9107, 54.8094
133, 0, 0, 0, 0, 20.9107, 54.8094
134, 0, 0, 0, 0, 20.9107, 54.8094
135, 0, 0, 0, 0, 20.9107, 54.8094
136, 0, 0, 0, 0, 20.9107, 54.8094
137, 0, 0, 0, 0, 20.9107, 54.8094
138, 0, 0, 0, 0, 20.9107, 54.8094
139, 0, 0, 0, 0, 20.9107, 54.8094
140, 0, 0, 0, 0, 20.9107, 54.8094
141, 0, 0, 0, 0, 20.9107, 54.8094
142, 0, 0, 0, 0, 20.9107, 54.8094
143, 0, 0, 0, 0, 20.9107, 54.8094
144, 0, 0, 0, 0, 20.9107, 54.8094
145, 0, 0, 0, 0, 20.9107, 54.8094
146, 0, 0, 0, 0, 20.9107, 54.8094
147, 0, 0, 0, 0, 20.9107, 54.8094
148, 0, 0, 0, 0, 20.9107, 54.8094
149, 0, 0, 0, 0, 20.9107, 54.8094
150, 0, 0, 0, 0, 20.9107, 54.8094
151, 0, 0, 0, 0, 20.9107, 54.8094
152, 0, 0, 0, 0, 20.9107, 54.8094
153, 0, 0, 0, 0, 20.9107, 54.8094
154, 0, 0, 0, 0, 20.9107, 54.8094
155, 0, 0, 0, 0, 20.9107, 54.8094
156, 0, 0, 0, 0, 20.9107, 54.8094
157, 0, 0, 0, 0, 20.9107, 54.8094
158, 0, 0, 0, 0, 20.9107, 54.8094
159, 0, 0, 0, 0, 20.9107, 54.8094
160, 0, 0, 0, 0, 20.9107, 54.8094
161, 0, 0, 0, 0, 20.9107, 54.8094
162, 0, 0, 0, 0, 20.9107, 54.8094
163, 0, 0, 0, 0, 20.9107, 54.8094
164, 0, 0, 0, 0, 20.9107, 54.8094
165, 0, 0, 0, 0, 20.9107, 54.8094
166, 0, 0, 0, 0, 20.9107, 54.8094
167, 0, 0, 0, 0, 20.9107, 54.8094
168, 0, 0, 0, 0, 20.9107, 54.8094
169, 0, 0, 0, 0, 20.9107, 54.8094
170, 0, 0, 0, 0, 20.9107, 54.8094
171, 0, 0, 0, 0, 20.9107, 54.8094
172, 0, 0, 0, 0, 20.9107, 54.8094
173, 0, 0, 0, 0, 20.9107, 54.8094
174, 0, 0, 0, 0, 20.9107, 54.8094
175, 0, 0, 0, 0, 20.9107, 54.8094
176, 0, 0, 0, 0, 20.9107, 54.8094
177, 0, 0, 0, 0, 20.9107, 54.8094
178, 0, 0, 0, 0, 20.9107, 54.8094
179, 0, 0, 0, 0, 20.9107, 54.8094
180, 0, 0, 0, 0, 20.9107, 54.8094
181, 0, 0, 0, 0, 20.9107, 54.8094
182, 0, 0, 0, 0, 20.9107, 54.8094
183, 0, 0, 0, 0, 20.9107, 54.8094
184, 0, 0, 0, 0, 20.9107, 54.8094
185, 0, 0, 0, 0, 20.9107, 54.8094
186, 0, 0, 0, 0, 20.9107, 54.8094
187, 0, 0, 0, 0, 20.9107, 54.8094
188, 0, 0, 0, 0, 20.9107, 54.8094
189, 0, 0, 0, 0, 20.9107, 54.8094
190, 0, 0, 0, 0, 20.9107, 54.8094
191, 0, 0, 0, 0, 20.9107, 54.8094
192, 0, 0, 0, 0, 20.9107, 54.8094
193, 0, 0, 0, 0, 20.9107, 54.8094
194, 0, 0, 0, 0, 20.9107, 54.8094
195, 0, 0, 0, 0, 20.9107, 54.8094
196, 0, 0, 0, 0, 20.9107, 54.8094
197, 0, 0, 0, 0, 20.9107, 54.8094
198, 0, 0, 0, 0, 20.9107, 54.8094
199, 0, 0, 0, 0, 20.9107, 54.8094
200, 0, 0, 0, 0, 20.9107, 54.8094
201, 0, 0, 0, 0, 20.9107, 54.8094
202, 0, 0, 0, 0, 20.9107, 54.8094
203, 0, 0, 0, 0, 20.9107, 54.8094
204, 0, 0, 0, 0, 20.9107, 54.8094
205, 0, 0, 0, 0, 20.9107, 54.8094
206, 0, 0, 0, 0, 20.9107, 54.8094
207, 0, 0, 0, 0, 20.9107, 54.8094
208, 0, 0, 0, 0, 20.9107, 54.8094
209, 0, 0, 0, 0, 20.9107, 54.8094
210, 0, 0, 0, 0, 20.9107, 54.8094
211, 0, 0, 0, 0, 20.9107, 54.8094
212, 0, 0, 0, 0, 20.9107, 54.8094
213, 0, 0, 0, 0, 20.9107, 54.8094
214, 0, 0, 0, 0, 20.9107, 54.8094
215, 0, 0, 0, 0, 20.9107, 54.8094
216, 0, 0, 0, 0, 21.0453, 54.7019
217, 0, 0, 0, 0, 21.0453, 54.7019
218, 0, 0, 0, 0, 21.0453, 54.7019
219, 0, 0, 0, 0, 21.0453, 54.7019
220, 0, 0, 0, 0, 21.2663, 54.5808
221, 0, 0, 0, 0, 21.2663, 54.5808
222, 0, 0, 0, 0, 21.4642, 54.5022
223, 0, 0, 0, 0, 21.4642, 54.5022
224, 0, 0, 0, 0, 21.6615, 54.4382
225, 0, 0, 0, 0, 21.6615, 54.4382
226, 0, 0, 0, 0, 21.6615, 54.4382
227, 0, 0, 0, 0, 21.6615, 54.4382
228, 0, 0, 0, 0, 21.8822, 54.368
229, 0, 0, 0, 0, 21.8822, 54.368
230, 0, 0, 0, 0, 21.8822, 54.368
231, 0, 0, 0, 0, 22.0802, 54.2992
232, 0, 0, 0, 0, 22.2807, 54.2446
233, 0, 0, 0, 0, 22.2807, 54.2446
234, 0, 0, 0, 0, 22.2807, 54.2446
235, 0, 0, 0, 0, 22.4758, 54.2019
236, 0, 0, 0, 0, 22.4758, 54.2019
237, 0, 0, 0, 0, 22.4758, 54.2019
238, 0, 0, 0, 0, 22.4758, 54.2019
239, 0, 0, 0, 0, 22.4758, 54.2019
240, 0, 0, 0, 0, 22.4758, 54.2019
241, 0, 0, 0, 0, 22.4758, 54.2019
242, 0, 0, 0, 0, 22.6759, 54.1535
243, 0, 0, 0, 0, 22.6759, 54.1535
244, 0, 0, 0, 0, 22.6759, 54.1535
245, 0, 0, 0, 0, 22.6759, 54.1535
246, 0, 0, 0, 0, 22.8886, 54.0941
247, 0, 0, 0, 0, 22.8886, 54.0941
248, 0, 0, 0, 0, 22.8886, 54.0941
249, 0, 0, 0, 0, 22.8886, 54.0941
250, 0, 0, 0, 0, 22.8886, 54.0941
251, 0, 0, 0, 0, 23.3148, 53.9782
252, 0, 0, 0, 0, 23.3148, 53.9782
253, 0, 0, 0, 0, 23.3148, 53.9782
254, 0, 0, 0, 0, 23.3148, 53.9782
255, 0, 0, 0, 0, 23.3148, 53.9782
256, 0, 0, 0, 0, 23.3148, 53.9782
257, 0, 0, 0, 0, 23.3148, 53.9782
258, 0, 0, 0, 0, 23.3148, 53.9782
259, 0, 0, 0, 0, 23.4115, 53.9132
260, 0, 0, 0, 0, 23.4061, 53.9003
261, 0, 0, 0, 0, 23.4061, 53.9003
262, 0, 0, 0, 0, 23.4092, 53.8955
263, 0, 0, 0, 0, 23.4092, 53.8955
264, 0, 0, 0, 0, 23.4092, 53.8955
265, 0, 0, 0, 0, 23.3998, 53.8874
266, 0, 0, 0, 0, 23.3838, 53.8838
267, 0, 0, 0, 0, 23.376, 53.8689
268, 0, 0, 0, 0, 23.3718, 53.8631
269, 0, 0, 0, 0, 23.3692, 53.8546
270, 0, 0, 0, 0, 23.3733, 53.8476
271, 0, 0, 0, 0, 23.3726, 53.8444
272, 0, 0, 0, 0, 23.3726, 53.8444
273, 0, 0, 0, 0, 23.3726, 53.8444
274, 0, 0, 0, 0, 23.3726, 53.8444
275, 0, 0, 0, 0, 23.3726, 53.8444
276, 0, 0, 0, 0, 23.3726, 53.8444
277, 0, 0, 0, 0, 23.362, 53.8415
278, 0, 0, 0, 0, 23.362, 53.8415
279, 0, 0, 0, 0, 23.362, 53.8415
280, 0, 0, 0, 0, 23.362, 53.8415
281, 0, 0, 0, 0, 23.362, 53.8415
282, 0, 0, 0, 0, 23.3568, 53.8225
283, 0, 0, 0, 0, 23.36, 53.8122
284, 0, 0, 0, 0, 23.3584, 53.8075
285, 0, 0, 0, 0, 23.3584, 53.8075
286, 0, 0, 0, 0, 23.3584, 53.8075
287, 0, 0, 0, 0, 23.3584, 53.8075
288, 0, 0, 0, 0, 23.3573, 53.7707
289, 0, 0, 0, 0, 23.3573, 53.7707
290, 0, 0, 0, 0, 23.3544, 53.7727
291, 0, 0, 0, 0, 23.3544, 53.7727
292, 0, 0, 0, 0, 23.352, 53.7527
293, 0, 0, 0, 0, 23.3525, 53.7846
294, 0, 0, 0, 0, 23.3525, 53.7846
295, 0, 0, 0, 0, 23.3525, 53.7846
296, 0, 0, 0, 0, 23.373, 53.7209
297, 0, 0, 0, 0, 23.373, 53.7209
298, 0, 0, 0, 0, 23.4304, 53.6201
299, 0, 0, 0, 0, 23.4704, 53.581
300, 0, 0, 0, 0, 23.4704, 53.581
301, 0, 0, 0, 0, 23.4704, 53.581
302, 0, 0, 0, 0, 23.4704, 53.581
303, 0, 0, 0, 0, 23.6273, 53.4986
304, 0, 0, 0, 0, 23.6273, 53.4986
305, 0, 0, 0, 0, 23.6273, 53.4986
306, 0, 0, 0, 0, 23.6273, 53.4986
307, 0, 0, 0, 0, 23.6273, 53.4986
308, 0, 0, 0, 0, 23.6273, 53.4986
309, 0, 0, 0, 0, 23.6273, 53.4986
310, 0, 0, 0, 0, 23.6273, 53.4986
311, 0, 0, 0, 0, 23.6273, 53.4986
312, 0, 0, 0, 0, 23.6273, 53.4986
313, 0, 0, 0, 0, 23.6273, 53.4986
314, 0, 0, 0, 0, 23.8197, 53.507
315, 0, 0, 0, 0, 23.8197, 53.507
316, 0, 0, 0, 0, 23.8197, 53.507
317, 0, 0, 0, 0, 23.8197, 53.507
318, 0, 0, 0, 0, 23.8197, 53.507
319, 0, 0, 0, 0, 23.8197, 53.507
320, 0, 0, 0, 0, 23.8197, 53.507
321, 0, 0, 0, 0, 23.8197, 53.507
322, 0, 0, 0, 0, 23.8197, 53.507
323, 0, 0, 0, 0, 23.8197, 53.507
324, 0, 0, 0, 0, 23.8197, 53.507
325, 0, 0, 0, 0, 23.8654, 53.5337
326, 0, 0, 0, 0, 23.8654, 53.5337
327, 0, 0, 0, 0, 23.8654, 53.5337
328, 0, 0, 0, 0, 23.8654, 53.5337
329, 0, 0, 0, 0, 23.8654, 53.5337
330, 0, 0, 0, 0, 23.8654, 53.5337
331, 0, 0, 0, 0, 23.9008, 53.586
332, 0, 0, 0, 0, 23.9149, 53.6432
333, 0, 0, 0, 0, 23.9149, 53.6432
334, 0, 0, 0, 0, 23.9149, 53.6432
335, 0, 0, 0, 0, 23.9149, 53.6432
336, 0, 0, 0, 0, 23.9149, 53.6432
337, 0, 0, 0, 0, 23.9149, 53.6432
338, 0, 0, 0, 0, 23.9149, 53.6432
339, 0, 0, 0, 0, 23.9122, 53.7961
340, 0, 0, 0, 0, 23.9122, 53.7961
341, 0, 0, 0, 0, 23.9122, 53.7961
342, 0, 0, 0, 0, 23.9122, 53.7961
343, 0, 0, 0, 0, 23.9122, 53.7961
344, 0, 0, 0, 0, 23.9122, 53.7961
345, 0, 0, 0, 0, 23.9122, 53.7961
346, 0, 0, 0, 0, 23.929, 53.8308
347, 0, 0, 0, 0, 23.929, 53.8308
348, 0, 0, 0, 0, 23.9125, 53.8061
349, 0, 0, 0, 0, 23.9032, 53.7985
350, 0, 0, 0, 0, 23.9032, 53.7985
351, 0, 0, 0, 0, 23.9126, 53.799
352, 0, 0, 0, 0, 23.9126, 53.799
353, 0, 0, 0, 0, 23.9126, 53.799
354, 0, 0, 0, 0, 23.9126, 53.799
355, 0, 0, 0, 0, 23.9126, 53.799
356, 0, 0, 0, 0, 23.9126, 53.799
357, 0, 0, 0, 0, 23.9217, 53.8001
358, 0, 0, 0, 0, 23.9217, 53.8001
359, 0, 0, 0, 0, 23.9217, 53.8001
360, 0, 0, 0, 0, 23.9217, 53.8001
361, 0, 0, 0, 0, 23.9217, 53.8001
362, 0, 0, 0, 0, 23.9217, 53.8001
363, 0, 0, 0, 0, 23.9255, 53.7995
364, 0, 0, 0, 0, 23.9255, 53.7995
365, 0, 0, 0, 0, 23.9255, 53.7995
366, 0, 0, 0, 0, 23.9249, 53.7999
367, 0, 0, 0, 0, 23.9249, 53.7999
368, 0, 0, 0, 0, 23.9286, 53.8001
369, 0, 0, 0, 0, 23.9286, 53.8001
370, 0, 0, 0, 0, 23.9294, 53.7984
371, 0, 0, 0, 0, 23.9294, 53.7984
372, 0, 0, 0, 0, 23.9294, 53.7984
373, 0, 0, 0, 0, 23.9294, 53.7984
374, 0, 0, 0, 0, 23.9294, 53.7984
375, 0, 0, 0, 0, 23.9362, 53.7864
376, 0, 0, 0, 0, 23.9467, 53.7558
377, 0, 0, 0, 0, 23.9467, 53.7558
378, 0, 0, 0, 0, 23.9467, 53.7558
379, 0, 0, 0, 0, 23.9517, 53.7229
380, 0, 0, 0, 0, 23.9517, 53.7229
381, 0, 0, 0, 0, 23.9545, 53.7204
382, 0, 0, 0, 0, 23.9579, 53.7198
383, 0, 0, 0, 0, 23.9579, 53.7198
384, 0, 0, 0, 0, 23.9652, 53.7135
385, 0, 0, 0, 0, 23.9669, 53.7125
386, 0, 0, 0, 0, 23.9669, 53.7125
387, 0, 0, 0, 0, 23.9669, 53.7152
388, 0, 0, 0, 0, 23.9689, 53.7111
389, 0, 0, 0, 0, 23.9689, 53.7111
390, 0, 0, 0, 0, 23.9689, 53.7111
391, 0, 0, 0, 0, 23.9689, 53.7111
392, 0, 0, 0, 0, 23.99, 53.7069
393, 0, 0, 0, 0, 23.99, 53.7069
394, 0, 0, 0, 0, 23.9741, 53.7007
395, 0, 0, 0, 0, 23.9524, 53.6981
396, 0, 0, 0, 0, 23.9409, 53.6912
397, 0, 0, 0, 0, 23.9511, 53.6971
398, 0, 0, 0, 0, 23.9662, 53.7427
399, 0, 0, 0, 0, 23.9662, 53.7427
400, 0, 0, 0, 0, 23.9662, 53.7427
401, 0, 0, 0, 0, 23.9439, 53.8051
402, 0, 0, 0, 0, 23.9439, 53.8051
403, 0, 0, 0, 0, 23.9439, 53.8051
404, 0, 0, 0, 0, 23.9439, 53.8051
405, 0, 0, 0, 0, 23.8598, 53.847
406, 0, 0, 0, 0, 23.8021, 53.8434
407, 0, 0, 0, 0, 23.7805, 53.8328
408, 0, 0, 0, 0, 23.7805, 53.8328
409, 0, 0, 0, 0, 23.7367, 53.765
410, 0, 0, 0, 0, 23.7367, 53.765
411, 0, 0, 0, 0, 23.7367, 53.765
412, 0, 0, 0, 0, 23.7621, 53.6595
413, 0, 0, 0, 0, 23.7621, 53.6595
414, 0, 0, 0, 0, 23.7621, 53.6595
415, 0, 0, 0, 0, 23.7828, 53.6453
416, 0, 0, 0, 0, 23.7828, 53.6453
417, 0, 0, 0, 0, 23.8234, 53.6298
418, 0, 0, 0, 0, 23.8714, 53.6274
419, 0, 0, 0, 0, 23.8714, 53.6274
420, 0, 0, 0, 0, 23.8714, 53.6274
421, 0, 0, 0, 0, 23.8714, 53.6274
422, 0, 0, 0, 0, 23.8923, 53.637
423, 0, 0, 0, 0, 23.9408, 53.7378
424, 0, 0, 0, 0, 23.9408, 53.7378
425, 0, 0, 0, 0, 23.9408, 53.7378
426, 0, 0, 0, 0, 23.9402, 53.7698
427, 0, 0, 0, 0, 23.925, 53.8037
428, 0, 0, 0, 0, 23.925, 53.8037
429, 0, 0, 0, 0, 23.925, 53.8037
430, 0, 0, 0, 0, 23.8559, 53.8533
431, 0, 0, 0, 0, 23.8559, 53.8533
432, 0, 0, 0, 0, 23.8289, 53.8565
433, 0, 0, 0, 0, 23.781, 53.8399
434, 0, 0, 0, 0, 23.781, 53.8399
435, 0, 0, 0, 0, 23.7596, 53.8221
436, 0, 0, 0, 0, 23.7596, 53.8221
437, 0, 0, 0, 0, 23.7369, 53.7843
438, 0, 0, 0, 0, 23.7339, 53.7606
439, 0, 0, 0, 0, 23.7356, 53.7533
440, 0, 0, 0, 0, 23.7376, 53.7458
441, 0, 0, 0, 0, 23.7444, 53.7365
442, 0, 0, 0, 0, 23.7481, 53.7317
443, 0, 0, 0, 0, 23.7481, 53.7317
444, 0, 0, 0, 0, 23.7579, 53.729
445, 0, 0, 0, 0, 23.7566, 53.726
446, 0, 0, 0, 0, 23.7582, 53.7233
447, 0, 0, 0, 0, 23.7622, 53.7141
448, 0, 0, 0, 0, 23.7623, 53.7079
449, 0, 0, 0, 0, 23.7623, 53.7079
450, 0, 0, 0, 0, 23.7623, 53.7079
451, 0, 0, 0, 0, 23.7623, 53.7079
452, 0, 0, 0, 0, 23.764, 53.6986
453, 0, 0, 0, 0, 23.764, 53.6986
454, 0, 0, 0, 0, 23.764, 53.6986
455, 0, 0, 0, 0, 23.764, 53.6986
456, 0, 0, 0, 0, 23.7656, 53.6969
457, 0, 0, 0, 0, 23.7452, 53.6821
458, 0, 0, 0, 0, 23.7452, 53.6821
459, 0, 0, 0, 0, 23.7452, 53.6821
460, 0, 0, 0, 0, 23.7452, 53.6821
461, 0, 0, 0, 0, 23.7452, 53.6821
462, 0, 0, 0, 0, 23.7452, 53.6821
463, 0, 0, 0, 0, 23.7452, 53.6821
464, 0, 0, 0, 0, 23.7452, 53.6821
465, 0, 0, 0, 0, 23.7452, 53.6821
466, 0, 0, 0, 0, 23.7452, 53.6821
467, 0, 0, 0, 0, 23.7452, 53.6821
468, 0, 0, 0, 0, 23.7452, 53.6821
469, 0, 0, 0, 0, 23.7452, 53.6821
470, 0, 0, 0, 0, 23.7452, 53.6821
471, 0, 0, 0, 0, 23.7452, 53.6821
472, 0, 0, 0, 0, 23.7452, 53.6821
473, 0, 0, 0, 0, 23.7452, 53.6821
474, 0, 0, 0, 0, 23.7452, 53.6821
475, 0, 0, 0, 0, 23.7452, 53.6821
476, 0, 0, 0, 0, 23.7452, 53.6821
477, 0, 0, 0, 0, 23.7452, 53.6821
478, 0, 0, 0, 0, 23.7452, 53.6821
479, 0, 0, 0, 0, 23.7452, 53.6821
480, 0, 0, 0, 0, 23.7452, 53.6821
481, 0, 0, 0, 0, 23.7452, 53.6821
482, 0, 0, 0, 0, 23.7452, 53.6821
483, 0, 0, 0, 0, 23.7452, 53.6821
484, 0, 0, 0, 0, 23.7452, 53.6821
485, 0, 0, 0, 0, 23.7452, 53.6821
486, 0, 0, 0, 0, 23.7452, 53.6821
487, 0, 0, 0, 0, 23.7452, 53.6821
488, 0, 0, 0, 0, 23.7452, 53.6821
489, 0, 0, 0, 0, 23.7452, 53.6821
490, 0, 0, 0, 0, 23.7452, 53.6821
491, 0, 0, 0, 0, 23.7452, 53.6821
492, 0, 0, 0, 0, 23.7452, 53.6821
493, 0, 0, 0, 0, 23.7452, 53.6821
494, 0, 0, 0, 0, 23.7452, 53.6821
495, 0, 0, 0, 0, 23.7452, 53.6821
496, 0, 0, 0, 0, 23.7452, 53.6821
497, 0, 0, 0, 0, 23.7452, 53.6821
498, 0, 0, 0, 0, 23.7452, 53.6821
499, 0, 0, 0, 0, 23.7452, 53.6821
500, 0, 0, 0, 0, 23.7452, 53.6821
501, 0, 0, 0, 0, 23.7452, 53.6821
502, 0, 0, 0, 0, 23.7452, 53.6821
503, 0, 0, 0, 0, 23.7452, 53.6821
504, 0, 0, 0, 0, 23.7452, 53.6821
505, 0, 0, 0, 0, 23.7452, 53.6821
506, 0, 0, 0, 0, 23.7452, 53.6821
507, 0, 0, 0, 0, 23.7452, 53.6821
508, 0, 0, 0, 0, 23.7452, 53.6821
509, 0, 0, 0, 0, 23.7452, 53.6821
510, 0, 0, 0, 0, 23.7452, 53.6821
511, 0, 0, 0, 0, 23.7452, 53.6821
512, 0, 0, 0, 0, 23.7452, 53.6821
513, 0, 0, 0, 0, 23.7452, 53.6821
514, 0, 0, 0, 0, 23.7452, 53.6821
515, 0, 0, 0, 0, 23.7452, 53.6821
516, 0, 0, 0, 0, 23.7452, 53.6821
517, 0, 0, 0, 0, 23.7452, 53.6821
518, 0, 0, 0, 0, 23.7452, 53.6821
519, 0, 0, 0, 0, 23.7452, 53.6821
520, 0, 0, 0, 0, 23.7452, 53.6821
521, 0, 0, 0, 0, 23.7452, 53.6821
522, 0, 0, 0, 0, 23.7452, 53.6821
523, 0, 0, 0, 0, 23.7452, 53.6821
524, 0, 0, 0, 0, 23.7452, 53.6821
525, 0, 0, 0, 0, 23.7452, 53.6821
526, 0, 0, 0, 0, 23.7452, 53.6821
527, 0, 0, 0, 0, 23.7452, 53.6821
528, 0, 0, 0, 0, 23.7452, 53.6821
529, 0, 0, 0, 0, 23.7452, 53.6821
530, 0, 0, 0, 0, 23.7452, 53.6821
531, 0, 0, 0, 0, 23.7452, 53.6821
532, 0, 0, 0, 0, 23.7452, 53.6821
533, 0, 0, 0, 0, 23.7452, 53.6821
534, 0, 0, 0, 0, 23.7452, 53.6821
535, 0, 0, 0, 0, 23.7452, 53.6821
536, 0, 0, 0, 0, 23.7452, 53.6821
537, 0, 0, 0, 0, 23.7452, 53.6821
538, 0, 0, 0, 0, 23.7452, 53.6821
539, 0, 0, 0, 0, 23.7452, 53.6821
540, 0, 0, 0, 0, 23.7452, 53.6821
541, 0, 0, 0, 0, 23.7452, 53.6821
542, 0, 0, 0, 0, 23.7452, 53.6821
543, 0, 0, 0, 0, 23.7452, 53.6821
544, 0, 0, 0, 0, 23.7452, 53.6821
545, 0, 0, 0, 0, 23.7452, 53.6821
546, 0, 0, 0, 0, 23.7452, 53.6821
547, 0, 0, 0, 0, 23.7452, 53.6821
548, 0, 0, 0, 0, 23.7452, 53.6821
549, 0, 0, 0, 0, 23.7452, 53.6821
550, 0, 0, 0, 0, 23.7452, 53.6821
551, 0, 0, 0, 0, 23.7452, 53.6821
552, 0, 0, 0, 0, 23.7452, 53.6821
553, 0, 0, 0, 0, 23.7452, 53.6821
554, 0, 0, 0, 0, 23.7452, 53.6821
555, 0, 0, 0, 0, 23.7452, 53.6821
556, 0, 0, 0, 0, 23.7452, 53.6821
557, 0, 0, 0, 0, 23.7452, 53.6821
558, 0, 0, 0, 0, 23.7452, 53.6821
559, 0, 0, 0, 0, 23.7452, 53.6821
560, 0, 0, 0, 0, 23.7452, 53.6821
561, 0, 0, 0, 0, 23.7452, 53.6821
562, 0, 0, 0, 0, 23.7452, 53.6821
563, 0, 0, 0, 0, 23.7452, 53.6821
564, 0, 0, 0, 0, 23.7452, 53.6821
565, 0, 0, 0, 0, 23.7452, 53.6821
566, 0, 0, 0, 0, 23.7452, 53.6821
567, 0, 0, 0, 0, 23.7452, 53.6821
568, 0, 0, 0, 0, 23.7452, 53.6821
569, 0, 0, 0, 0, 23.7452, 53.6821
570, 0, 0, 0, 0, 23.7452, 53.6821
571, 0, 0, 0, 0, 23.7452, 53.6821
572, 0, 0, 0, 0, 23.7452, 53.6821
573, 0, 0, 0, 0, 23.7452, 53.6821
574, 0, 0, 0, 0, 23.7452, 53.6821
575, 0, 0, 0, 0, 23.7452, 53.6821
576, 0, 0, 0, 0, 23.7452, 53.6821
577, 0, 0, 0, 0, 23.7452, 53.6821
578, 0, 0, 0, 0, 23.7452, 53.6821
579, 0, 0, 0, 0, 23.7452, 53.6821
580, 0, 0, 0, 0, 23.7452, 53.6821
581, 0, 0, 0, 0, 23.7452, 53.6821
582, 0, 0, 0, 0, 23.7452, 53.6821
583, 0, 0, 0, 0, 23.7452, 53.6821
584, 0, 0, 0, 0, 23.7452, 53.6821
585, 0, 0, 0, 0, 23.7452, 53.6821
586, 0, 0, 0, 0, 23.7452, 53.6821
587, 0, 0, 0, 0, 23.7452, 53.6821
588, 0, 0, 0, 0, 23.7452, 53.6821
589, 0, 0, 0, 0, 23.7452, 53.6821
590, 0, 0, 0, 0, 23.7452, 53.6821
591, 0, 0, 0, 0, 23.7452, 53.6821
592, 0, 0, 0, 0, 23.7452, 53.6821
593, 0, 0, 0, 0, 23.7452, 53.6821
594, 0, 0, 0, 0, 23.7452, 53.6821
595, 0, 0, 0, 0, 23.7452, 53.6821
596, 0, 0, 0, 0, 23.7452, 53.6821
597, 0, 0, 0, 0, 23.7452, 53.6821
598, 0, 0, 0, 0, 23.7452, 53.6821
599, 0, 0, 0, 0, 23.7452, 53.6821
600, 0, 0, 0, 0, 23.7452, 53.6821
601, 0, 0, 0, 0, 23.7452, 53.6821
602, 0, 0, 0, 0, 23.7452, 53.6821
603, 0, 0, 0, 0, 23.7452, 53.6821
604, 0, 0, 0, 0, 23.7452, 53.6821
605, 0, 0, 0, 0, 23.7452, 53.6821
606, 0, 0, 0, 0, 23.7452, 53.6821
607, 0, 0, 0, 0, 23.7452, 53.6821
608, 0, 0, 0, 0, 23.7452, 53.6821
609, 0, 0, 0, 0, 23.7452, 53.6821
610, 0, 0, 0, 0, 23.7452, 53.6821
611, 0, 0, 0, 0, 23.7452, 53.6821
612, 0, 0, 0, 0, 23.7452, 53.6821
613, 0, 0, 0, 0, 23.7452, 53.6821
614, 0, 0, 0, 0, 23.7452, 53.6821
615, 0, 0, 0, 0, 23.7452, 53.6821
616, 0, 0, 0, 0, 23.7452, 53.6821
617, 0, 0, 0, 0, 23.7452, 53.6821
618, 0, 0, 0, 0, 23.7452, 53.6821
619, 0, 0, 0, 0, 23.7452, 53.6821
620, 0, 0, 0, 0, 23.7452, 53.6821
621, 0, 0, 0, 0, 23.7452, 53.6821
622, 0, 0, 0, 0, 23.7452, 53.6821
623, 0, 0, 0, 0, 23.7452, 53.6821
624, 0, 0, 0, 0, 23.7452, 53.6821
625, 0, 0, 0, 0, 23.7452, 53.6821
626, 0, 0, 0, 0, 23.7452, 53.6821
627, 0, 0, 0, 0, 23.7452, 53.6821
628, 0, 0, 0, 0, 23.7452, 53.6821
629, 0, 0, 0, 0, 23.7452, 53.6821
630, 0, 0, 0, 0, 23.7452, 53.6821
631, 0, 0, 0, 0, 23.7452, 53.6821
632, 0, 0, 0, 0, 23.7452, 53.6821
633, 0, 0, 0, 0, 23.7452, 53.6821
634, 0, 0, 0, 0, 23.7452, 53.6821
635, 0, 0, 0, 0, 23.7452, 53.6821
636, 0, 0, 0, 0, 23.7452, 53.6821
637, 0, 0, 0, 0, 23.6703, 53.6305
638, 0, 0, 0, 0, 23.5508, 53.5154
639, 0, 0, 0, 0, 23.5508, 53.5154
640, 0, 0, 0, 0, 23.5508, 53.5154
641, 0, 0, 0, 0, 23.4334, 53.3399
642, 0, 0, 0, 0, 23.4334, 53.3399
643, 0, 0, 0, 0, 23.346, 53.1453
644, 0, 0, 0, 0, 23.346, 53.1453
645, 0, 0, 0, 0, 23.346, 53.1453
646, 0, 0, 0, 0, 23.2783, 52.9419
647, 0, 0, 0, 0, 23.2783, 52.9419
648, 0, 0, 0, 0, 23.2783, 52.9419
649, 0, 0, 0, 0, 23.2783, 52.9419
650, 0, 0, 0, 0, 23.2783, 52.9419
651, 0, 0, 0, 0, 23.2783, 52.9419
652, 0, 0, 0, 0, 23.2783, 52.9419
653, 0, 0, 0, 0, 23.2783, 52.9419
654, 0, 0, 0, 0, 23.2475, 52.7379
655, 0, 0, 0, 0, 23.2475, 52.7379
656, 0, 0, 0, 0, 23.2475, 52.7379
657, 0, 0, 0, 0, 23.2475, 52.7379
658, 0, 0, 0, 0, 23.2475, 52.7379
659, 0, 0, 0, 0, 23.1899, 52.7246
660, 0, 0, 0, 0, 23.1866, 52.7279
661, 0, 0, 0, 0, 23.1803, 52.7294
662, 0, 0, 0, 0, 23.1803, 52.7294
663, 0, 0, 0, 0, 23.1803, 52.7294
664, 0, 0, 0, 0, 23.1803, 52.7294
665, 0, 0, 0, 0, 23.1599, 52.7322
666, 0, 0, 0, 0, 23.1416, 52.7443
667, 0, 0, 0, 0, 23.1416, 52.7443
668, 0, 0, 0, 0, 23.1253, 52.7539
669, 0, 0, 0, 0, 23.1194, 52.7585
670, 0, 0, 0, 0, 23.1194, 52.7585
671, 0, 0, 0, 0, 23.1194, 52.7585
672, 0, 0, 0, 0, 23.1194, 52.7585
673, 0, 0, 0, 0, 23.187, 52.6742
674, 0, 0, 0, 0, 23.187, 52.6742
675, 0, 0, 0, 0, 23.187, 52.6742
676, 0, 0, 0, 0, 23.187, 52.6742
677, 0, 0, 0, 0, 23.0364, 52.7216
678, 0, 0, 0, 0, 22.9469, 52.717
679, 0, 0, 0, 0, 22.8561, 52.6929
680, 0, 0, 0, 0, 22.7677, 52.6435
681, 0, 0, 0, 0, 22.6981, 52.5806
682, 0, 0, 0, 0, 22.6981, 52.5806
683, 0, 0, 0, 0, 22.6441, 52.5049
684, 0, 0, 0, 0, 22.6441, 52.5049
685, 0, 0, 0, 0, 22.5951, 52.3872
686, 0, 0, 0, 0, 22.5795, 52.2576
687, 0, 0, 0, 0, 22.5842, 52.1765
688, 0, 0, 0, 0, 22.5842, 52.1765
689, 0, 0, 0, 0, 22.615, 52.082
690, 0, 0, 0, 0, 22.615, 52.082
691, 0, 0, 0, 0, 22.615, 52.082
692, 0, 0, 0, 0, 22.7553, 51.9067
693, 0, 0, 0, 0, 22.7553, 51.9067
694, 0, 0, 0, 0, 22.7553, 51.9067
695, 0, 0, 0, 0, 22.7553, 51.9067
696, 0, 0, 0, 0, 22.7553, 51.9067
697, 0, 0, 0, 0, 22.7553, 51.9067
698, 0, 0, 0, 0, 22.7553, 51.9067
699, 0, 0, 0, 0, 22.7508, 51.8637
700, 0, 0, 0, 0, 22.7508, 51.8637
701, 0, 0, 0, 0, 22.7508, 51.8637
702, 0, 0, 0, 0, 22.7031, 51.8531
703, 0, 0, 0, 0, 22.6669, 51.8434
704, 0, 0, 0, 0, 22.6458, 51.8286
705, 0, 0, 0, 0, 22.6375, 51.8323
706, 0, 0, 0, 0, 22.6375, 51.8323
707, 0, 0, 0, 0, 22.6094, 51.8243
708, 0, 0, 0, 0, 22.6466, 51.829
709, 0, 0, 0, 0, 22.6466, 51.829
710, 0, 0, 0, 0, 22.6687, 51.8322
711, 0, 0, 0, 0, 22.661, 51.8346
712, 0, 0, 0, 0, 22.6597, 51.8323
713, 0, 0, 0, 0, 22.6597, 51.8323
714, 0, 0, 0, 0, 22.6583, 51.8403
715, 0, 0, 0, 0, 22.6978, 51.8374
716, 0, 0, 0, 0, 22.6978, 51.8374
717, 0, 0, 0, 0, 22.6978, 51.8374
718, 0, 0, 0, 0, 22.718, 51.826
719, 0, 0, 0, 0, 22.718, 51.826
720, 0, 0, 0, 0, 22.6609, 51.8075
721, 0, 0, 0, 0, 22.6609, 51.8075
722, 0, 0, 0, 0, 22.658, 51.8125
723, 0, 0, 0, 0, 22.658, 51.8125
724, 0, 0, 0, 0, 22.658, 51.8125
725, 0, 0, 0, 0, 22.653, 51.8326
726, 0, 0, 0, 0, 22.6466, 51.838
727, 0, 0, 0, 0, 22.6259, 51.8339
728, 0, 0, 0, 0, 22.6259, 51.8339
729, 0, 0, 0, 0, 22.6097, 51.8385
730, 0, 0, 0, 0, 22.6097, 51.8385
731, 0, 0, 0, 0, 22.5617, 51.8432
732, 0, 0, 0, 0, 22.513, 51.8374
733, 0, 0, 0, 0, 22.513, 51.8374
734, 0, 0, 0, 0, 22.4574, 51.8223
735, 0, 0, 0, 0, 22.3383, 51.7292
736, 0, 0, 0, 0, 22.3383, 51.7292
737, 0, 0, 0, 0, 22.2989, 51.6531
738, 0, 0, 0, 0, 22.2989, 51.6531
739, 0, 0, 0, 0, 22.2577, 51.5799
740, 0, 0, 0, 0, 22.2577, 51.5799
741, 0, 0, 0, 0, 22.2577, 51.5799
742, 0, 0, 0, 0, 22.2545, 51.5574
743, 0, 0, 0, 0, 22.2531, 51.5611
744, 0, 0, 0, 0, 22.2531, 51.5611
745, 0, 0, 0, 0, 22.2519, 51.5642
746, 0, 0, 0, 0, 22.256, 51.564
747, 0, 0, 0, 0, 22.256, 51.564
748, 0, 0, 0, 0, 22.25, 51.5678
749, 0, 0, 0, 0, 22.2503, 51.5668
750, 0, 0, 0, 0, 22.2503, 51.5668
751, 0, 0, 0, 0, 22.2503, 51.5668
752, 0, 0, 0, 0, 22.2458, 51.5719
753, 0, 0, 0, 0, 22.2458, 51.5719
754, 0, 0, 0, 0, 22.2431, 51.5727
755, 0, 0, 0, 0, 22.2431, 51.5727
756, 0, 0, 0, 0, 22.2381, 51.5742
757, 0, 0, 0, 0, 22.2381, 51.5742
758, 0, 0, 0, 0, 22.2381, 51.5742
759, 0, 0, 0, 0, 22.2437, 51.5834
760, 0, 0, 0, 0, 22.2384, 51.5653
761, 0, 0, 0, 0, 22.2384, 51.5653
762, 0, 0, 0, 0, 22.2207, 51.5802
763, 0, 0, 0, 0, 22.2183, 51.5815
764, 0, 0, 0, 0, 22.2183, 51.5815
765, 0, 0, 0, 0, 22.2158, 51.5832
766, 0, 0, 0, 0, 22.2114, 51.5794
767, 0, 0, 0, 0, 22.2183, 51.5864
768, 0, 0, 0, 0, 22.2183, 51.5864
769, 0, 0, 0, 0, 22.2205, 51.5617
770, 0, 0, 0, 0, 22.2314, 51.5395
771, 0, 0, 0, 0, 22.2314, 51.5395
772, 0, 0, 0, 0, 22.2818, 51.5005
773, 0, 0, 0, 0, 22.2818, 51.5005
774, 0, 0, 0, 0, 22.2818, 51.5005
775, 0, 0, 0, 0, 22.2818, 51.5005
776, 0, 0, 0, 0, 22.2818, 51.5005
777, 0, 0, 0, 0, 22.3214, 51.4755
778, 0, 0, 0, 0, 22.3316, 51.4747
779, 0, 0, 0, 0, 22.3316, 51.4747
780, 0, 0, 0, 0, 22.3316, 51.4747
781, 0, 0, 0, 0, 22.3267, 51.4774
782, 0, 0, 0, 0, 22.323, 51.4787
783, 0, 0, 0, 0, 22.3094, 51.4831
784, 0, 0, 0, 0, 22.2931, 51.4892
785, 0, 0, 0, 0, 22.2931, 51.4892
786, 0, 0, 0, 0, 22.2931, 51.4953
787, 0, 0, 0, 0, 22.2931, 51.4953
788, 0, 0, 0, 0, 22.3125, 51.5494
789, 0, 0, 0, 0, 22.3183, 51.5386
790, 0, 0, 0, 0, 22.3183, 51.5386
791, 0, 0, 0, 0, 22.3343, 51.5152
792, 0, 0, 0, 0, 22.3382, 51.5125
793, 0, 0, 0, 0, 22.3275, 51.5111
794, 0, 0, 0, 0, 22.3303, 51.5105
795, 0, 0, 0, 0, 22.3303, 51.5105
796, 0, 0, 0, 0, 22.3215, 51.5304
797, 0, 0, 0, 0, 22.3215, 51.5304
798, 0, 0, 0, 0, 22.3163, 51.5338
799, 0, 0, 0, 0, 22.3159, 51.5346
800, 0, 0, 0, 0, 22.3121, 51.5289
801, 0, 0, 0, 0, 22.3096, 51.5329
802, 0, 0, 0, 0, 22.3106, 51.5272
803, 0, 0, 0, 0, 22.3113, 51.5271
804, 0, 0, 0, 0, 22.3117, 51.523
805, 0, 0, 0, 0, 22.3164, 51.5224
806, 0, 0, 0, 0, 22.3153, 51.526
807, 0, 0, 0, 0, 22.3153, 51.526
808, 0, 0, 0, 0, 22.3177, 51.5588
809, 0, 0, 0, 0, 22.3177, 51.5588
810, 0, 0, 0, 0, 22.2973, 51.575
811, 0, 0, 0, 0, 22.273, 51.5824
812, 0, 0, 0, 0, 22.273, 51.5824
813, 0, 0, 0, 0, 22.2358, 51.5696
814, 0, 0, 0, 0, 22.2377, 51.5663
815, 0, 0, 0, 0, 22.2377, 51.5663
816, 0, 0, 0, 0, 22.2345, 51.567
817, 0, 0, 0, 0, 22.2345, 51.567
818, 0, 0, 0, 0, 22.2436, 51.5158
819, 0, 0, 0, 0, 22.2436, 51.5158
820, 0, 0, 0, 0, 22.2942, 51.3749
821, 0, 0, 0, 0, 22.2942, 51.3749
822, 0, 0, 0, 0, 22.2942, 51.3749
823, 0, 0, 0, 0, 22.2942, 51.3749
824, 0, 0, 0, 0, 22.2942, 51.3749
825, 0, 0, 0, 0, 22.2942, 51.3749
826, 0, 0, 0, 0, 22.2942, 51.3749
827, 0, 0, 0, 0, 22.2942, 51.3749
828, 0, 0, 0, 0, 22.2942, 51.3749
829, 0, 0, 0, 0, 22.2942, 51.3749
830, 0, 0, 0, 0, 22.2942, 51.3749
831, 0, 0, 0, 0, 22.2942, 51.3749
832, 0, 0, 0, 0, 22.2942, 51.3749
833, 0, 0, 0, 0, 22.2942, 51.3749
834, 0, 0, 0, 0, 22.2942, 51.3749
835, 0, 0, 0, 0, 22.2942, 51.3749
836, 0, 0, 0, 0, 22.2942, 51.3749
837, 0, 0, 0, 0, 22.2942, 51.3749
838, 0, 0, 0, 0, 22.2942, 51.3749
839, 0, 0, 0, 0, 22.2942, 51.3749
840, 0, 0, 0, 0, 22.2942, 51.3749
841, 0, 0, 0, 0, 22.2942, 51.3749
842, 0, 0, 0, 0, 22.2942, 51.3749
843, 0, 0, 0, 0, 22.2942, 51.3749
844, 0, 0, 0, 0, 22.2942, 51.3749
845, 0, 0, 0, 0, 22.2942, 51.3749
846, 0, 0, 0, 0, 22.2942, 51.3749
847, 0, 0, 0, 0, 22.2942, 51.3749
848, 0, 0, 0, 0, 22.2942, 51.3749
849, 0, 0, 0, 0, 22.2942, 51.3749
850, 0, 0, 0, 0, 22.2942, 51.3749
851, 0, 0, 0, 0, 22.2942, 51.3749
852, 0, 0, 0, 0, 22.2942, 51.3749
853, 0, 0, 0, 0, 22.2942, 51.3749
854, 0, 0, 0, 0, 22.2942, 51.3749
855, 0, 0, 0, 0, 22.2942, 51.3749
856, 0, 0, 0, 0, 22.2942, 51.3749
857, 0, 0, 0, 0, 22.2942, 51.3749
858, 0, 0, 0, 0, 22.2942, 51.3749
859, 0, 0, 0, 0, 22.2942, 51.3749
860, 0, 0, 0, 0, 22.2942, 51.3749
861, 0, 0, 0, 0, 22.2942, 51.3749
862, 0, 0, 0, 0, 22.2942, 51.3749
863, 0, 0, 0, 0, 22.2942, 51.3749
864, 0, 0, 0, 0, 22.2942, 51.3749
865, 0, 0, 0, 0, 22.2942, 51.3749
866, 0, 0, 0, 0, 22.2942, 51.3749
867, 0, 0, 0, 0, 22.2942, 51.3749
868, 0, 0, 0, 0, 22.2942, 51.3749
869, 0, 0, 0, 0, 22.2942, 51.3749
870, 0, 0, 0, 0, 22.2942, 51.3749
871, 0, 0, 0, 0, 22.2942, 51.3749
872, 0, 0, 0, 0, 22.2942, 51.3749
873, 0, 0, 0, 0, 22.2942, 51.3749
874, 0, 0, 0, 0, 22.2942, 51.3749
875, 0, 0, 0, 0, 22.2942, 51.3749
876, 0, 0, 0, 0, 22.2942, 51.3749
877, 0, 0, 0, 0, 22.2942, 51.3749
878, 0, 0, 0, 0, 22.2942, 51.3749
879, 0, 0, 0, 0, 22.3974, 51.1645
880, 0, 0, 0, 0, 22.3974, 51.1645
881, 0, 0, 0, 0, 22.3974, 51.1645
882, 0, 0, 0, 0, 22.3974, 51.1645
883, 0, 0, 0, 0, 22.3974, 51.1645
884, 0, 0, 0, 0, 22.3974, 51.1645
885, 0, 0, 0, 0, 22.3974, 51.1645
886, 0, 0, 0, 0, 22.3974, 51.1645
887, 0, 0, 0, 0, 22.3974, 51.1645
888, 0, 0, 0, 0, 22.3832, 51.4077
889, 0, 0, 0, 0, 22.3876, 51.5156
890, 0, 0, 0, 0, 22.3876, 51.5156
891, 0, 0, 0, 0, 22.3876, 51.5156
892, 0, 0, 0, 0, 22.3876, 51.5156
893, 0, 0, 0, 0, 22.3876, 51.5156
894, 0, 0, 0, 0, 22.3876, 51.5156
895, 0, 0, 0, 0, 22.4751, 51.6409
896, 0, 0, 0, 0, 22.4751, 51.6409
897, 0, 0, 0, 0, 22.4751, 51.6409
898, 0, 0, 0, 0, 22.4751, 51.6409
899, 0, 0, 0, 0, 22.4751, 51.6409
900, 0, 0, 0, 0, 22.5354, 51.696
901, 0, 0, 0, 0, 22.5354, 51.696
902, 0, 0, 0, 0, 22.5354, 51.696
903, 0, 0, 0, 0, 22.5354, 51.696
904, 0, 0, 0, 0, 22.5354, 51.696
905, 0, 0, 0, 0, 22.5354, 51.696
906, 0, 0, 0, 0, 22.5354, 51.696
907, 0, 0, 0, 0, 22.5354, 51.696
908, 0, 0, 0, 0, 22.5354, 51.696
909, 0, 0, 0, 0, 22.5354, 51.696
910, 0, 0, 0, 0, 22.5354, 51.696
911, 0, 0, 0, 0, 22.5354, 51.696
912, 0, 0, 0, 0, 22.5354, 51.696
913, 0, 0, 0, 0, 22.5354, 51.696
914, 0, 0, 0, 0, 22.5354, 51.696
915, 0, 0, 0, 0, 22.5354, 51.696
916, 0, 0, 0, 0, 22.4398, 51.6412
917, 0, 0, 0, 0, 22.4349, 51.6372
918, 0, 0, 0, 0, 22.4349, 51.6372
919, 0, 0, 0, 0, 22.4346, 51.6486
920, 0, 0, 0, 0, 22.4307, 51.6574
921, 0, 0, 0, 0, 22.4275, 51.6675
922, 0, 0, 0, 0, 22.4275, 51.6675
923, 0, 0, 0, 0, 22.4306, 51.6586
924, 0, 0, 0, 0, 22.4356, 51.6455
925, 0, 0, 0, 0, 22.4356, 51.6455
926, 0, 0, 0, 0, 22.4356, 51.6455
927, 0, 0, 0, 0, 22.4468, 51.6361
928, 0, 0, 0, 0, 22.4513, 51.6359
929, 0, 0, 0, 0, 22.4513, 51.6359
930, 0, 0, 0, 0, 22.4567, 51.6321
931, 0, 0, 0, 0, 22.4567, 51.6321
932, 0, 0, 0, 0, 22.4567, 51.6321
933, 0, 0, 0, 0, 22.4476, 51.6333
934, 0, 0, 0, 0, 22.4476, 51.6333
935, 0, 0, 0, 0, 22.4334, 51.6336
936, 0, 0, 0, 0, 22.4296, 51.6277
937, 0, 0, 0, 0, 22.4241, 51.6276
938, 0, 0, 0, 0, 22.4241, 51.6276
939, 0, 0, 0, 0, 22.4106, 51.6253
940, 0, 0, 0, 0, 22.4106, 51.6253
941, 0, 0, 0, 0, 22.4106, 51.6253
942, 0, 0, 0, 0, 22.4106, 51.6253
943, 0, 0, 0, 0, 22.4106, 51.6253
944, 0, 0, 0, 0, 22.4106, 51.6253
945, 0, 0, 0, 0, 22.4106, 51.6253
946, 0, 0, 0, 0, 22.4106, 51.6253
947, 0, 0, 0, 0, 22.4106, 51.6253
948, 0, 0, 0, 0, 22.3657, 51.5941
949, 0, 0, 0, 0, 22.3657, 51.5941
950, 0, 0, 0, 0, 22.3657, 51.5941
951, 0, 0, 0, 0, 22.355, 51.5926
952, 0, 0, 0, 0, 22.355, 51.5926
953, 0, 0, 0, 0, 22.3361, 51.5882
954, 0, 0, 0, 0, 22.3214, 51.5957
955, 0, 0, 0, 0, 22.3176, 51.5996
956, 0, 0, 0, 0, 22.3176, 51.5996
957, 0, 0, 0, 0, 22.3176, 51.5996
958, 0, 0, 0, 0, 22.3176, 51.5996
959, 0, 0, 0, 0, 22.3176, 51.5996
960, 0, 0, 0, 0, 22.3176, 51.5996
961, 0, 0, 0, 0, 22.3176, 51.5996
962, 0, 0, 0, 0, 22.3176, 51.5996
963, 0, 0, 0, 0, 22.3893, 51.9381
964, 0, 0, 0, 0, 22.3893, 51.9381
965, 0, 0, 0, 0, 22.3893, 51.9381
966, 0, 0, 0, 0, 22.4496, 52.0098
967, 0, 0, 0, 0, 22.4496, 52.0098
968, 0, 0, 0, 0, 22.5453, 52.0936
969, 0, 0, 0, 0, 22.6909, 52.1765
970, 0, 0, 0, 0, 22.6909, 52.1765
971, 0, 0, 0, 0, 22.6909, 52.1765
972, 0, 0, 0, 0, 22.9334, 52.2335
973, 0, 0, 0, 0, 22.9334, 52.2335
974, 0, 0, 0, 0, 22.9334, 52.2335
975, 0, 0, 0, 0, 23.1789, 52.2467
976, 0, 0, 0, 0, 23.3454, 52.185
977, 0, 0, 0, 0, 23.3454, 52.185
978, 0, 0, 0, 0, 23.4417, 52.0893
979, 0, 0, 0, 0, 23.4417, 52.0893
980, 0, 0, 0, 0, 23.4417, 52.0893
981, 0, 0, 0, 0, 23.5374, 51.9468
982, 0, 0, 0, 0, 23.618, 51.7519
983, 0, 0, 0, 0, 23.618, 51.7519
984, 0, 0, 0, 0, 23.618, 51.7519
985, 0, 0, 0, 0, 23.618, 51.7519
986, 0, 0, 0, 0, 23.618, 51.7519
987, 0, 0, 0, 0, 23.653, 51.5383
988, 0, 0, 0, 0, 23.6432, 51.3249
989, 0, 0, 0, 0, 23.6432, 51.3249
990, 0, 0, 0, 0, 23.5845, 51.0747
991, 0, 0, 0, 0, 23.5845, 51.0747
992, 0, 0, 0, 0, 23.5845, 51.0747
993, 0, 0, 0, 0, 23.5048, 50.8803
994, 0, 0, 0, 0, 23.5048, 50.8803
995, 0, 0, 0, 0, 23.5048, 50.8803
996, 0, 0, 0, 0, 23.5048, 50.8803
997, 0, 0, 0, 0, 23.5048, 50.8803
998, 0, 0, 0, 0, 23.5048, 50.8803
999, 0, 0, 0, 0, 23.5048, 50.8803
1000, 0, 0, 0, 0, 23.474, 50.803
1001, 0, 0, 0, 0, 23.474, 50.803
1002, 0, 0, 0, 0, 23.4659, 50.7544
1003, 0, 0, 0, 0, 23.4659, 50.7544
1004, 0, 0, 0, 0, 23.4695, 50.6973
1005, 0, 0, 0, 0, 23.4695, 50.6973
1006, 0, 0, 0, 0, 23.4695, 50.6973
1007, 0, 0, 0, 0, 23.4695, 50.6973
1008, 0, 0, 0, 0, 23.4695, 50.6973
1009, 0, 0, 0, 0, 23.4695, 50.6973
1010, 0, 0, 0, 0, 23.4926, 50.5267
1011, 0, 0, 0, 0, 23.4926, 50.5267
1012, 0, 0, 0, 0, 23.4926, 50.5267
1013, 0, 0, 0, 0, 23.4926, 50.5267
1014, 0, 0, 0, 0, 23.4926, 50.5267
1015, 0, 0, 0, 0, 23.4926, 50.5267
1016, 0, 0, 0, 0, 23.4926, 50.5267
1017, 0, 0, 0, 0, 23.4857, 50.2726
1018, 0, 0, 0, 0, 23.4857, 50.2726
1019, 0, 0, 0, 0, 23.4857, 50.2726
1020, 0, 0, 0, 0, 23.4857, 50.2726
1021, 0, 0, 0, 0, 23.4857, 50.2726
1022, 0, 0, 0, 0, 23.4857, 50.2726
1023, 0, 0, 0, 0, 23.4857, 50.2726
1024, 0, 0, 0, 0, 23.4857, 50.2726
1025, 0, 0, 0, 0, 23.4814, 50.0241
1026, 0, 0, 0, 0, 23.4534, 49.8814
1027, 0, 0, 0, 0, 23.4534, 49.8814
1028, 0, 0, 0, 0, 23.4534, 49.8814
1029, 0, 0, 0, 0, 23.4534, 49.8814
1030, 0, 0, 0, 0, 23.4054, 49.7648
1031, 0, 0, 0, 0, 23.4054, 49.7648
1032, 0, 0, 0, 0, 23.4054, 49.7648
1033, 0, 0, 0, 0, 23.4054, 49.7648
1034, 0, 0, 0, 0, 23.4054, 49.7648
1035, 0, 0, 0, 0, 23.2955, 49.5735
1036, 0, 0, 0, 0, 23.2955, 49.5735
1037, 0, 0, 0, 0, 23.2955, 49.5735
1038, 0, 0, 0, 0, 23.2955, 49.5735
1039, 0, 0, 0, 0, 23.1878, 49.3865
1040, 0, 0, 0, 0, 23.1878, 49.3865
1041, 0, 0, 0, 0, 23.1878, 49.3865
1042, 0, 0, 0, 0, 23.1878, 49.3865
1043, 0, 0, 0, 0, 23.1878, 49.3865
1044, 0, 0, 0, 0, 23.1878, 49.3865
1045, 0, 0, 0, 0, 23.1878, 49.3865
1046, 0, 0, 0, 0, 23.1878, 49.3865
1047, 0, 0, 0, 0, 23.0781, 49.2045
1048, 0, 0, 0, 0, 23.0781, 49.2045
1049, 0, 0, 0, 0, 22.9765, 49.0182
1050, 0, 0, 0, 0, 22.9765, 49.0182
1051, 0, 0, 0, 0, 22.9765, 49.0182
1052, 0, 0, 0, 0, 22.9765, 49.0182
1053, 0, 0, 0, 0, 22.8797, 48.83
1054, 0, 0, 0, 0, 22.8797, 48.83
1055, 0, 0, 0, 0, 22.8797, 48.83
1056, 0, 0, 0, 0, 22.8797, 48.83
1057, 0, 0, 0, 0, 22.8797, 48.83
1058, 0, 0, 0, 0, 22.7839, 48.6362
1059, 0, 0, 0, 0, 22.7839, 48.6362
1060, 0, 0, 0, 0, 22.7839, 48.6362
1061, 0, 0, 0, 0, 22.7839, 48.6362
1062, 0, 0, 0, 0, 22.7839, 48.6362
1063, 0, 0, 0, 0, 22.7839, 48.6362
1064, 0, 0, 0, 0, 22.6991, 48.444
1065, 0, 0, 0, 0, 22.6991, 48.444
1066, 0, 0, 0, 0, 22.6991, 48.444
1067, 0, 0, 0, 0, 22.6991, 48.444
1068, 0, 0, 0, 0, 22.6323, 48.2407
1069, 0, 0, 0, 0, 22.6323, 48.2407
1070, 0, 0, 0, 0, 22.6323, 48.2407
1071, 0, 0, 0, 0, 22.6323, 48.2407
1072, 0, 0, 0, 0, 22.569, 48.0421
1073, 0, 0, 0, 0, 22.569, 48.0421
1074, 0, 0, 0, 0, 22.569, 48.0421
1075, 0, 0, 0, 0, 22.569, 48.0421
1076, 0, 0, 0, 0, 22.569, 48.0421
1077, 0, 0, 0, 0, 22.4897, 47.8487
1078, 0, 0, 0, 0, 22.4897, 47.8487
1079, 0, 0, 0, 0, 22.4897, 47.8487
1080, 0, 0, 0, 0, 22.4897, 47.8487
1081, 0, 0, 0, 0, 22.4897, 47.8487
1082, 0, 0, 0, 0, 22.4897, 47.8487
1083, 0, 0, 0, 0, 22.4897, 47.8487
1084, 0, 0, 0, 0, 22.4143, 47.6505
1085, 0, 0, 0, 0, 22.4143, 47.6505
1086, 0, 0, 0, 0, 22.4143, 47.6505
1087, 0, 0, 0, 0, 22.4143, 47.6505
1088, 0, 0, 0, 0, 22.3123, 47.4566
1089, 0, 0, 0, 0, 22.3123, 47.4566
1090, 0, 0, 0, 0, 22.3123, 47.4566
1091, 0, 0, 0, 0, 22.1986, 47.2684
1092, 0, 0, 0, 0, 22.1986, 47.2684
1093, 0, 0, 0, 0, 22.1986, 47.2684
1094, 0, 0, 0, 0, 22.1986, 47.2684
1095, 0, 0, 0, 0, 22.1986, 47.2684
1096, 0, 0, 0, 0, 22.1986, 47.2684
1097, 0, 0, 0, 0, 22.0641, 47.0805
1098, 0, 0, 0, 0, 22.0641, 47.0805
1099, 0, 0, 0, 0, 22.0641, 47.0805
1100, 0, 0, 0, 0, 22.0641, 47.0805
1101, 0, 0, 0, 0, 22.0641, 47.0805
1102, 0, 0, 0, 0, 21.9282, 46.8956
1103, 0, 0, 0, 0, 21.9282, 46.8956
1104, 0, 0, 0, 0, 21.9282, 46.8956
1105, 0, 0, 0, 0, 21.9282, 46.8956
1106, 0, 0, 0, 0, 21.9282, 46.8956
1107, 0, 0, 0, 0, 21.8073, 46.7299
1108, 0, 0, 0, 0, 21.8073, 46.7299
1109, 0, 0, 0, 0, 21.8073, 46.7299
1110, 0, 0, 0, 0, 21.8073, 46.7299
1111, 0, 0, 0, 0, 21.8073, 46.7299
1112, 0, 0, 0, 0, 21.6774, 46.5577
1113, 0, 0, 0, 0, 21.6774, 46.5577
1114, 0, 0, 0, 0, 21.6774, 46.5577
1115, 0, 0, 0, 0, 21.6774, 46.5577
1116, 0, 0, 0, 0, 21.6774, 46.5577
1117, 0, 0, 0, 0, 21.5376, 46.3908
1118, 0, 0, 0, 0, 21.5376, 46.3908
1119, 0, 0, 0, 0, 21.5376, 46.3908
1120, 0, 0, 0, 0, 21.4013, 46.2195
1121, 0, 0, 0, 0, 21.4013, 46.2195
1122, 0, 0, 0, 0, 21.4013, 46.2195
1123, 0, 0, 0, 0, 21.4013, 46.2195
1124, 0, 0, 0, 0, 21.4013, 46.2195
1125, 0, 0, 0, 0, 21.4013, 46.2195
1126, 0, 0, 0, 0, 21.2692, 46.0452
1127, 0, 0, 0, 0, 21.2692, 46.0452
1128, 0, 0, 0, 0, 21.2692, 46.0452
1129, 0, 0, 0, 0, 21.2692, 46.0452
1130, 0, 0, 0, 0, 21.2692, 46.0452
1131, 0, 0, 0, 0, 21.2692, 46.0452
1132, 0, 0, 0, 0, 21.1392, 45.8733
1133, 0, 0, 0, 0, 21.1392, 45.8733
1134, 0, 0, 0, 0, 21.1392, 45.8733
1135, 0, 0, 0, 0, 21.0181, 45.6953
1136, 0, 0, 0, 0, 21.0181, 45.6953
1137, 0, 0, 0, 0, 21.0181, 45.6953
1138, 0, 0, 0, 0, 21.0181, 45.6953
1139, 0, 0, 0, 0, 20.9262, 45.5395
1140, 0, 0, 0, 0, 20.8995, 45.4951
1141, 0, 0, 0, 0, 20.8995, 45.4951
1142, 0, 0, 0, 0, 20.8936, 45.4484
1143, 0, 0, 0, 0, 20.8936, 45.4484
1144, 0, 0, 0, 0, 20.9013, 45.3834
1145, 0, 0, 0, 0, 20.9412, 45.3023
1146, 0, 0, 0, 0, 20.9412, 45.3023
1147, 0, 0, 0, 0, 20.9412, 45.3023
1148, 0, 0, 0, 0, 20.9412, 45.3023
1149, 0, 0, 0, 0, 20.9412, 45.3023
1150, 0, 0, 0, 0, 21.0763, 45.1403
1151, 0, 0, 0, 0, 21.0763, 45.1403
1152, 0, 0, 0, 0, 21.0763, 45.1403
1153, 0, 0, 0, 0, 21.0763, 45.1403
1154, 0, 0, 0, 0, 21.0763, 45.1403
1155, 0, 0, 0, 0, 21.2082, 44.9846
1156, 0, 0, 0, 0, 21.2082, 44.9846
1157, 0, 0, 0, 0, 21.2082, 44.9846
1158, 0, 0, 0, 0, 21.2082, 44.9846
1159, 0, 0, 0, 0, 21.2082, 44.9846
1160, 0, 0, 0, 0, 21.3448, 44.8308
1161, 0, 0, 0, 0, 21.3448, 44.8308
1162, 0, 0, 0, 0, 21.3448, 44.8308
1163, 0, 0, 0, 0, 21.3448, 44.8308
1164, 0, 0, 0, 0, 21.3448, 44.8308
1165, 0, 0, 0, 0, 21.4799, 44.6748
1166, 0, 0, 0, 0, 21.4799, 44.6748
1167, 0, 0, 0, 0, 21.5477, 44.5724
1168, 0, 0, 0, 0, 21.5477, 44.5724
1169, 0, 0, 0, 0, 21.562, 44.5067
1170, 0, 0, 0, 0, 21.572, 44.436
1171, 0, 0, 0, 0, 21.572, 44.436
1172, 0, 0, 0, 0, 21.5851, 44.3612
1173, 0, 0, 0, 0, 21.588, 44.2923
1174, 0, 0, 0, 0, 21.588, 44.2923
1175, 0, 0, 0, 0, 21.588, 44.2923
1176, 0, 0, 0, 0, 21.588, 44.2923
1177, 0, 0, 0, 0, 21.588, 44.2923
1178, 0, 0, 0, 0, 21.5486, 44.1705
1179, 0, 0, 0, 0, 21.5486, 44.1705
1180, 0, 0, 0, 0, 21.5486, 44.1705
1181, 0, 0, 0, 0, 21.5486, 44.1705
1182, 0, 0, 0, 0, 21.401, 44.0316
1183, 0, 0, 0, 0, 21.401, 44.0316
1184, 0, 0, 0, 0, 21.401, 44.0316
1185, 0, 0, 0, 0, 21.3803, 43.9224
1186, 0, 0, 0, 0, 21.3732, 43.8725
1187, 0, 0, 0, 0, 21.3732, 43.8725
1188, 0, 0, 0, 0, 21.3732, 43.8725
1189, 0, 0, 0, 0, 21.4092, 43.7412
1190, 0, 0, 0, 0, 21.4092, 43.7412
1191, 0, 0, 0, 0, 21.4092, 43.7412
1192, 0, 0, 0, 0, 21.439, 43.679
1193, 0, 0, 0, 0, 21.439, 43.679
1194, 0, 0, 0, 0, 21.439, 43.679
1195, 0, 0, 0, 0, 21.439, 43.679
1196, 0, 0, 0, 0, 21.5173, 43.5968
1197, 0, 0, 0, 0, 21.5173, 43.5968
1198, 0, 0, 0, 0, 21.5173, 43.5968
1199, 0, 0, 0, 0, 21.5173, 43.5968
1200, 0, 0, 0, 0, 21.5173, 43.5968
1201, 0, 0, 0, 0, 21.5173, 43.5968
1202, 0, 0, 0, 0, 21.5173, 43.5968
1203, 0, 0, 0, 0, 21.5173, 43.5968
1204, 0, 0, 0, 0, 21.6706, 43.4763
1205, 0, 0, 0, 0, 21.6706, 43.4763
1206, 0, 0, 0, 0, 21.6706, 43.4763
1207, 0, 0, 0, 0, 21.6706, 43.4763
1208, 0, 0, 0, 0, 21.6706, 43.4763
1209, 0, 0, 0, 0, 21.6706, 43.4763
1210, 0, 0, 0, 0, 21.6706, 43.4763
1211, 0, 0, 0, 0, 21.6706, 43.4763
1212, 0, 0, 0, 0, 21.6706, 43.4763
1213, 0, 0, 0, 0, 21.6706, 43.4763
1214, 0, 0, 0, 0, 21.6706, 43.4763
1215, 0, 0, 0, 0, 21.6706, 43.4763
1216, 0, 0, 0, 0, 21.6706, 43.4763
1217, 0, 0, 0, 0, 21.8373, 43.3695
1218, 0, 0, 0, 0, 21.8373, 43.3695
1219, 0, 0, 0, 0, 21.8373, 43.3695
1220, 0, 0, 0, 0, 21.8373, 43.3695
1221, 0, 0, 0, 0, 21.8373, 43.3695
1222, 0, 0, 0, 0, 21.8373, 43.3695
1223, 0, 0, 0, 0, 21.8373, 43.3695
1224, 0, 0, 0, 0, 21.8373, 43.3695
1225, 0, 0, 0, 0, 22.0147, 43.2604
1226, 0, 0, 0, 0, 22.0147, 43.2604
1227, 0, 0, 0, 0, 22.0147, 43.2604
1228, 0, 0, 0, 0, 22.1083, 43.1948
1229, 0, 0, 0, 0, 22.1083, 43.1948
1230, 0, 0, 0, 0, 22.1633, 43.1387
1231, 0, 0, 0, 0, 22.1551, 43.1182
1232, 0, 0, 0, 0, 22.1551, 43.1182
1233, 0, 0, 0, 0, 22.1551, 43.1182
1234, 0, 0, 0, 0, 22.1551, 43.1182
1235, 0, 0, 0, 0, 22.1551, 43.1182
1236, 0, 0, 0, 0, 22.1551, 43.1182
1237, 0, 0, 0, 0, 22.1551, 43.1182
1238, 0, 0, 0, 0, 22.1551, 43.1182
1239, 0, 0, 0, 0, 22.1439, 43.0817
1240, 0, 0, 0, 0, 22.1439, 43.0817
1241, 0, 0, 0, 0, 22.1439, 43.0817
1242, 0, 0, 0, 0, 22.1439, 43.0817
1243, 0, 0, 0, 0, 22.1439, 43.0817
1244, 0, 0, 0, 0, 22.14, 43.0611
1245, 0, 0, 0, 0, 22.1343, 43.0339
1246, 0, 0, 0, 0, 22.1065, 43.0049
1247, 0, 0, 0, 0, 22.1065, 43.0049
1248, 0, 0, 0, 0, 22.1065, 43.0049
1249, 0, 0, 0, 0, 22.0679, 42.9867
1250, 0, 0, 0, 0, 22.0679, 42.9867
1251, 0, 0, 0, 0, 22.0317, 42.9743
1252, 0, 0, 0, 0, 22.0317, 42.9743
1253, 0, 0, 0, 0, 22.0317, 42.9743
1254, 0, 0, 0, 0, 21.9905, 42.9646
1255, 0, 0, 0, 0, 21.9905, 42.9646
1256, 0, 0, 0, 0, 21.9905, 42.9646
1257, 0, 0, 0, 0, 21.9905, 42.9646
1258, 0, 0, 0, 0, 21.9905, 42.9646
1259, 0, 0, 0, 0, 21.9905, 42.9646
1260, 0, 0, 0, 0, 21.9905, 42.9646
1261, 0, 0, 0, 0, 21.9905, 42.9646
1262, 0, 0, 0, 0, 21.9905, 42.9646
1263, 0, 0, 0, 0, 21.9905, 42.9646
1264, 0, 0, 0, 0, 21.9905, 42.9646
1265, 0, 0, 0, 0, 21.8138, 42.9158
1266, 0, 0, 0, 0, 21.8041, 42.8919
1267, 0, 0, 0, 0, 21.8041, 42.8919
1268, 0, 0, 0, 0, 21.7904, 42.8698
1269, 0, 0, 0, 0, 21.7904, 42.8698
1270, 0, 0, 0, 0, 21.7915, 42.8462
1271, 0, 0, 0, 0, 21.7915, 42.8462
1272, 0, 0, 0, 0, 21.8022, 42.8254
1273, 0, 0, 0, 0, 21.8135, 42.807
1274, 0, 0, 0, 0, 21.833, 42.7891
1275, 0, 0, 0, 0, 21.833, 42.7891
1276, 0, 0, 0, 0, 21.833, 42.7891
1277, 0, 0, 0, 0, 21.8501, 42.7751
1278, 0, 0, 0, 0, 21.8783, 42.7708
1279, 0, 0, 0, 0, 21.8783, 42.7708
1280, 0, 0, 0, 0, 21.8783, 42.7708
1281, 0, 0, 0, 0, 21.8783, 42.7708
1282, 0, 0, 0, 0, 21.8783, 42.7708
1283, 0, 0, 0, 0, 21.913, 42.7773
1284, 0, 0, 0, 0, 21.913, 42.7773
1285, 0, 0, 0, 0, 21.913, 42.7773
1286, 0, 0, 0, 0, 21.9877, 42.7697
1287, 0, 0, 0, 0, 22.0104, 42.7604
1288, 0, 0, 0, 0, 22.0104, 42.7604
1289, 0, 0, 0, 0, 22.0205, 42.7468
1290, 0, 0, 0, 0, 22.0268, 42.7335
1291, 0, 0, 0, 0, 22.0371, 42.7199
1292, 0, 0, 0, 0, 22.0371, 42.7199
1293, 0, 0, 0, 0, 22.0431, 42.6945
1294, 0, 0, 0, 0, 22.0431, 42.6945
1295, 0, 0, 0, 0, 22.0207, 42.6594
1296, 0, 0, 0, 0, 22.0207, 42.6594
1297, 0, 0, 0, 0, 22.0207, 42.6594
1298, 0, 0, 0, 0, 21.9901, 42.6341
1299, 0, 0, 0, 0, 21.9644, 42.632
1300, 0, 0, 0, 0, 21.9644, 42.632
1301, 0, 0, 0, 0, 21.9644, 42.632
1302, 0, 0, 0, 0, 21.9112, 42.6423
1303, 0, 0, 0, 0, 21.9112, 42.6423
1304, 0, 0, 0, 0, 21.9112, 42.6423
1305, 0, 0, 0, 0, 21.9112, 42.6423
1306, 0, 0, 0, 0, 21.9112, 42.6423
1307, 0, 0, 0, 0, 21.9112, 42.6423
1308, 0, 0, 0, 0, 21.9112, 42.6423
1309, 0, 0, 0, 0, 21.8292, 42.6955
1310, 0, 0, 0, 0, 21.8037, 42.7003
1311, 0, 0, 0, 0, 21.8037, 42.7003
1312, 0, 0, 0, 0, 21.8037, 42.7003
1313, 0, 0, 0, 0, 21.7666, 42.6952
1314, 0, 0, 0, 0, 21.7392, 42.6981
1315, 0, 0, 0, 0, 21.7392, 42.6981
1316, 0, 0, 0, 0, 21.7392, 42.6981
1317, 0, 0, 0, 0, 21.7101, 42.6575
1318, 0, 0, 0, 0, 21.6997, 42.6431
1319, 0, 0, 0, 0, 21.6997, 42.6431
1320, 0, 0, 0, 0, 21.6997, 42.6431
1321, 0, 0, 0, 0, 21.7015, 42.6076
1322, 0, 0, 0, 0, 21.7015, 42.6076
1323, 0, 0, 0, 0, 21.7213, 42.5813
1324, 0, 0, 0, 0, 21.7213, 42.5813
1325, 0, 0, 0, 0, 21.7213, 42.5813
1326, 0, 0, 0, 0, 21.7457, 42.5674
1327, 0, 0, 0, 0, 21.7457, 42.5674
1328, 0, 0, 0, 0, 21.7457, 42.5674
1329, 0, 0, 0, 0, 21.7457, 42.5674
1330, 0, 0, 0, 0, 21.7457, 42.5674
1331, 0, 0, 0, 0, 21.7457, 42.5674
1332, 0, 0, 0, 0, 21.7457, 42.5674
1333, 0, 0, 0, 0, 21.7457, 42.5674
1334, 0, 0, 0, 0, 21.7457, 42.5674
1335, 0, 0, 0, 0, 21.7457, 42.5674
1336, 0, 0, 0, 0, 21.7457, 42.5674
1337, 0, 0, 0, 0, 21.7457, 42.5674
1338, 0, 0, 0, 0, 21.7457, 42.5674
1339, 0, 0, 0, 0, 21.7457, 42.5674
1340, 0, 0, 0, 0, 21.7457, 42.5674
1341, 0, 0, 0, 0, 21.7457, 42.5674
1342, 0, 0, 0, 0, 21.9387, 42.485
1343, 0, 0, 0, 0, 21.9387, 42.485
1344, 0, 0, 0, 0, 21.9387, 42.485
1345, 0, 0, 0, 0, 21.9387, 42.485
1346, 0, 0, 0, 0, 21.9387, 42.485
1347, 0, 0, 0, 0, 21.9387, 42.485
1348, 0, 0, 0, 0, 22.1301, 42.4028
1349, 0, 0, 0, 0, 22.1301, 42.4028
1350, 0, 0, 0, 0, 22.1301, 42.4028
1351, 0, 0, 0, 0, 22.1301, 42.4028
1352, 0, 0, 0, 0, 22.1301, 42.4028
1353, 0, 0, 0, 0, 22.1301, 42.4028
1354, 0, 0, 0, 0, 22.1301, 42.4028
1355, 0, 0, 0, 0, 22.3398, 42.32
1356, 0, 0, 0, 0, 22.3398, 42.32
1357, 0, 0, 0, 0, 22.3398, 42.32
1358, 0, 0, 0, 0, 22.3398, 42.32
1359, 0, 0, 0, 0, 22.3398, 42.32
1360, 0, 0, 0, 0, 22.3398, 42.32
1361, 0, 0, 0, 0, 22.3398, 42.32
1362, 0, 0, 0, 0, 22.3398, 42.32
1363, 0, 0, 0, 0, 22.3398, 42.32
1364, 0, 0, 0, 0, 22.3398, 42.32
1365, 0, 0, 0, 0, 22.3398, 42.32
1366, 0, 0, 0, 0, 22.3398, 42.32
1367, 0, 0, 0, 0, 22.3398, 42.32
1368, 0, 0, 0, 0, 22.3398, 42.32
1369, 0, 0, 0, 0, 22.3398, 42.32
1370, 0, 0, 0, 0, 22.3398, 42.32
1371, 0, 0, 0, 0, 22.3398, 42.32
1372, 0, 0, 0, 0, 22.3398, 42.32
1373, 0, 0, 0, 0, 22.3398, 42.32
1374, 0, 0, 0, 0, 22.3398, 42.32
1375, 0, 0, 0, 0, 22.3398, 42.32
1376, 0, 0, 0, 0, 22.3398, 42.32
1377, 0, 0, 0, 0, 22.3398, 42.32
1378, 0, 0, 0, 0, 22.3966, 42.3015
1379, 0, 0, 0, 0, 22.3966, 42.3015
1380, 0, 0, 0, 0, 22.4054, 42.3024
1381, 0, 0, 0, 0, 22.4054, 42.3024
1382, 0, 0, 0, 0, 22.4054, 42.3024
1383, 0, 0, 0, 0, 22.4222, 42.3036
1384, 0, 0, 0, 0, 22.4391, 42.3104
1385, 0, 0, 0, 0, 22.4507, 42.3246
1386, 0, 0, 0, 0, 22.4507, 42.3246
1387, 0, 0, 0, 0, 22.4507, 42.3246
1388, 0, 0, 0, 0, 22.4507, 42.3246
1389, 0, 0, 0, 0, 22.4845, 42.3728
1390, 0, 0, 0, 0, 22.4864, 42.3939
1391, 0, 0, 0, 0, 22.4842, 42.4175
1392, 0, 0, 0, 0, 22.4842, 42.4175
1393, 0, 0, 0, 0, 22.4842, 42.4175
1394, 0, 0, 0, 0, 22.4842, 42.4175
1395, 0, 0, 0, 0, 22.477, 42.4374
1396, 0, 0, 0, 0, 22.4138, 42.4857
1397, 0, 0, 0, 0, 22.4138, 42.4857
1398, 0, 0, 0, 0, 22.4138, 42.4857
1399, 0, 0, 0, 0, 22.3901, 42.4805
1400, 0, 0, 0, 0, 22.3901, 42.4805
1401, 0, 0, 0, 0, 22.3241, 42.4397
1402, 0, 0, 0, 0, 22.3107, 42.417
1403, 0, 0, 0, 0, 22.3107, 42.417
1404, 0, 0, 0, 0, 22.3024, 42.4033
1405, 0, 0, 0, 0, 22.3063, 42.366
1406, 0, 0, 0, 0, 22.3176, 42.347
1407, 0, 0, 0, 0, 22.3373, 42.3303
1408, 0, 0, 0, 0, 22.3373, 42.3303
1409, 0, 0, 0, 0, 22.3373, 42.3303
1410, 0, 0, 0, 0, 22.3373, 42.3303
1411, 0, 0, 0, 0, 22.3373, 42.3303
1412, 0, 0, 0, 0, 22.3373, 42.3303
1413, 0, 0, 0, 0, 22.3373, 42.3303
1414, 0, 0, 0, 0, 22.3373, 42.3303
1415, 0, 0, 0, 0, 22.3373, 42.3303
1416, 0, 0, 0, 0, 22.3984, 42.2897
1417, 0, 0, 0, 0, 22.3984, 42.2897
1418, 0, 0, 0, 0, 22.4207, 42.2576
1419, 0, 0, 0, 0, 22.4207, 42.2576
1420, 0, 0, 0, 0, 22.4328, 42.2236
1421, 0, 0, 0, 0, 22.4415, 42.1456
1422, 0, 0, 0, 0, 22.4122, 42.1283
1423, 0, 0, 0, 0, 22.4122, 42.1283
1424, 0, 0, 0, 0, 22.3864, 42.1098
