1, 13.404, 54.9885, 29.2605, 44.4826, 23.1587, 49.7565
2, 13.404, 54.9885, 29.2605, 44.4826, 23.1587, 49.7565
3, 13.404, 54.9885, 29.2605, 44.4826, 23.1587, 49.7565
4, 13.2801, 54.8583, 29.2605, 44.4826, 23.1587, 49.7565
5, 13.2775, 54.8543, 29.2605, 44.4826, 23.1587, 49.7565
6, 13.2843, 54.8521, 29.2605, 44.4826, 23.1587, 49.7565
7, 13.2814, 54.8532, 29.2605, 44.4826, 23.1587, 49.7565
8, 13.2827, 54.8543, 29.2605, 44.4826, 23.1587, 49.7565
9, 13.2809, 54.8548, 29.2605, 44.4826, 23.1587, 49.7565
10, 13.2811, 54.8557, 29.2605, 44.4826, 23.1587, 49.7565
11, 13.2811, 54.8557, 29.2605, 44.4826, 23.1587, 49.7565
12, 13.2811, 54.8557, 29.2605, 44.4826, 23.1587, 49.7565
13, 13.2811, 54.8557, 29.2605, 44.4826, 23.1587, 49.7565
14, 13.2811, 54.8557, 29.2605, 44.4826, 23.1587, 49.7565
15, 13.2811, 54.8557, 29.2605, 44.4826, 23.1587, 49.7565
16, 13.2811, 54.8557, 29.2605, 44.4826, 23.1587, 49.7565
17, 13.2811, 54.8557, 29.2605, 44.4826, 23.1587, 49.7565
18, 13.2811, 54.8557, 29.2605, 44.4826, 23.1587, 49.7565
19, 13.2811, 54.8557, 29.2605, 44.4826, 23.1587, 49.7565
20, 13.2811, 54.8557, 29.2605, 44.4826, 23.1587, 49.7565
21, 13.2811, 54.8557, 29.2605, 44.4826, 23.1587, 49.7565
22, 13.2811, 54.8557, 29.2605, 44.4826, 23.1587, 49.7565
23, 13.2811, 54.8557, 29.2605, 44.4826, 23.1587, 49.7565
24, 13.2811, 54.8557, 29.2605, 44.4826, 23.1587, 49.7565
25, 13.2811, 54.8557, 29.2605, 44.4826, 23.1587, 49.7565
26, 13.2811, 54.8557, 29.2605, 44.4826, 23.1587, 49.7565
27, 13.2811, 54.8557, 29.2605, 44.4826, 23.1587, 49.7565
28, 13.2811, 54.8557, 29.2605, 44.4826, 23.1587, 49.7565
29, 13.2811, 54.8557, 29.2605, 44.4826, 23.1587, 49.7565
30, 13.2811, 54.8557, 29.2605, 44.4826, 23.1587, 49.7565
31, 13.2811, 54.8557, 29.2605, 44.4826, 23.1587, 49.7565
32, 13.2811, 54.8557, 29.2605, 44.4826, 23.1587, 49.7565
33, 13.2811, 54.8557, 29.2605, 44.4826, 23.1587, 49.7565
34, 13.2811, 54.8557, 29.2605, 44.4826, 23.1587, 49.7565
35, 13.2811, 54.8557, 29.2605, 44.4826, 23.1587, 49.7565
36, 13.2811, 54.8557, 29.2605, 44.4826, 23.1587, 49.7565
37, 13.2811, 54.8557, 29.2605, 44.4826, 23.1587, 49.7565
38, 13.2811, 54.8557, 29.2605, 44.4826, 23.1587, 49.7565
39, 13.2811, 54.8557, 29.2605, 44.4826, 23.1587, 49.7565
40, 13.2811, 54.8557, 29.2605, 44.4826, 23.1587, 49.7565
41, 13.2811, 54.8557, 29.2605, 44.4826, 23.1587, 49.7565
42, 13.2811, 54.8557, 29.2605, 44.4826, 23.1587, 49.7565
43, 13.2811, 54.8557, 29.2605, 44.4826, 23.1587, 49.7565
44, 13.2811, 54.8557, 29.2605, 44.4826, 23.1587, 49.7565
45, 13.2811, 54.8557, 29.2605, 44.4826, 23.1587, 49.7565
46, 13.2811, 54.8557, 29.2605, 44.4826, 23.1587, 49.7565
47, 13.2811, 54.8557, 29.2605, 44.4826, 23.1587, 49.7565
48, 13.2811, 54.8557, 29.2605, 44.4826, 23.1587, 49.7565
49, 13.2811, 54.8557, 29.2605, 44.4826, 23.1587, 49.7565
50, 13.2811, 54.8557, 29.2605, 44.4826, 23.1587, 49.7565
51, 13.2811, 54.8557, 29.2605, 44.4826, 23.1587, 49.7565
52, 13.2811, 54.8557, 29.2605, 44.4826, 23.1587, 49.7565
53, 13.2811, 54.8557, 29.2605, 44.4826, 23.1587, 49.7565
54, 13.2811, 54.8557, 29.2605, 44.4826, 23.1587, 49.7565
55, 13.2811, 54.8557, 29.2605, 44.4826, 23.1587, 49.7565
56, 13.2811, 54.8557, 29.2605, 44.4826, 23.1587, 49.7565
57, 13.2811, 54.8557, 29.2605, 44.4826, 23.1587, 49.7565
58, 13.2811, 54.8557, 29.2605, 44.4826, 23.1587, 49.7565
59, 13.2811, 54.8557, 29.2605, 44.4826, 23.1587, 49.7565
60, 13.2811, 54.8557, 29.2605, 44.4826, 23.1587, 49.7565
61, 13.2811, 54.8557, 29.2605, 44.4826, 23.1587, 49.7565
62, 13.2811, 54.8557, 29.2605, 44.4826, 23.1587, 49.7565
63, 13.2811, 54.8557, 29.2605, 44.4826, 23.1587, 49.7565
64, 13.2811, 54.8557, 29.2605, 44.4826, 23.1587, 49.7565
65, 13.2811, 54.8557, 29.2605, 44.4826, 23.1587, 49.7565
66, 13.2811, 54.8557, 29.2605, 44.4826, 23.1587, 49.7565
67, 13.2811, 54.8557, 29.2605, 44.4826, 23.1587, 49.7565
68, 13.2811, 54.8557, 29.2605, 44.4826, 23.1587, 49.7565
69, 13.2811, 54.8557, 29.2605, 44.4826, 23.1587, 49.7565
70, 13.2811, 54.8557, 29.2605, 44.4826, 23.1587, 49.7565
71, 13.2811, 54.8557, 29.2605, 44.4826, 23.1587, 49.7565
72, 13.2811, 54.8557, 29.2605, 44.4826, 23.1587, 49.7565
73, 13.2811, 54.8557, 29.2605, 44.4826, 23.1587, 49.7565
74, 13.2811, 54.8557, 29.2605, 44.4826, 23.1587, 49.7565
75, 13.2811, 54.8557, 29.2605, 44.4826, 23.1587, 49.7565
76, 13.2811, 54.8557, 29.2605, 44.4826, 23.1587, 49.7565
77, 13.2811, 54.8557, 29.2605, 44.4826, 23.1587, 49.7565
78, 13.2811, 54.8557, 29.2605, 44.4826, 23.1587, 49.7565
79, 13.2811, 54.8557, 29.2605, 44.4826, 23.1587, 49.7565
80, 13.2811, 54.8557, 29.2605, 44.4826, 23.1587, 49.7565
81, 13.2811, 54.8557, 29.2605, 44.4826, 23.1587, 49.7565
82, 13.2811, 54.8557, 29.2605, 44.4826, 23.1587, 49.7565
83, 13.2811, 54.8557, 29.2605, 44.4826, 23.1587, 49.7565
84, 13.2811, 54.8557, 29.2605, 44.4826, 23.1587, 49.7565
85, 13.2811, 54.8557, 29.2605, 44.4826, 23.1587, 49.7565
86, 13.2811, 54.8557, 29.2605, 44.4826, 23.1587, 49.7565
87, 13.2811, 54.8557, 29.2605, 44.4826, 23.1587, 49.7565
88, 13.2811, 54.8557, 29.2605, 44.4826, 23.1587, 49.7565
89, 13.2811, 54.8557, 29.2605, 44.4826, 23.1587, 49.7565
90, 13.2811, 54.8557, 29.2605, 44.4826, 23.1587, 49.7565
91, 13.2811, 54.8557, 29.2605, 44.4826, 23.1587, 49.7565
92, 13.2811, 54.8557, 29.2605, 44.4826, 23.1587, 49.7565
93, 13.2811, 54.8557, 29.2605, 44.4826, 23.1587, 49.7565
94, 13.2811, 54.8557, 29.2605, 44.4826, 23.1587, 49.7565
95, 13.2811, 54.8557, 29.2605, 44.4826, 23.1587, 49.7565
96, 13.2811, 54.8557, 29.2605, 44.4826, 23.1587, 49.7565
97, 13.2811, 54.8557, 29.2605, 44.4826, 23.1587, 49.7565
98, 13.2811, 54.8557, 29.2605, 44.4826, 23.1587, 49.7565
99, 13.2811, 54.8557, 29.2605, 44.4826, 23.1587, 49.7565
100, 13.2811, 54.8557, 29.2605, 44.4826, 23.1587, 49.7565
101, 13.2811, 54.8557, 29.2605, 44.4826, 23.1587, 49.7565
102, 13.2811, 54.8557, 29.2605, 44.4826, 23.1587, 49.7565
103, 13.2811, 54.8557, 29.2605, 44.4826, 23.1587, 49.7565
104, 13.2811, 54.8557, 29.2605, 44.4826, 23.1587, 49.7565
105, 13.2811, 54.8557, 29.2605, 44.4826, 23.1587, 49.7565
106, 13.2811, 54.8557, 29.2605, 44.4826, 23.1587, 49.7565
107, 13.2811, 54.8557, 29.2605, 44.4826, 23.3247, 49.8895
108, 13.2811, 54.8557, 29.2605, 44.4826, 23.489, 50.0193
109, 13.2811, 54.8557, 29.2605, 44.4826, 23.489, 50.0193
110, 13.2811, 54.8557, 29.2605, 44.4826, 23.489, 50.0193
111, 13.2811, 54.8557, 29.2605, 44.4826, 23.489, 50.0193
112, 13.2811, 54.8557, 29.2605, 44.4826, 23.489, 50.0193
113, 13.2811, 54.8557, 29.2605, 44.4826, 23.6211, 50.1297
114, 13.2811, 54.8557, 29.2605, 44.4826, 23.6373, 50.1443
115, 13.2811, 54.8557, 29.2605, 44.4826, 23.6871, 50.1428
116, 13.2811, 54.8557, 29.2605, 44.4826, 23.6871, 50.1428
117, 13.2811, 54.8557, 29.2605, 44.4826, 23.6871, 50.1428
118, 13.2811, 54.8557, 29.2605, 44.4826, 23.6871, 50.1428
119, 13.2811, 54.8557, 29.2605, 44.4826, 23.6871, 50.1428
120, 13.2811, 54.8557, 29.2605, 44.4826, 23.6871, 50.1428
121, 13.2811, 54.8557, 29.2605, 44.4826, 23.6871, 50.1428
122, 13.2811, 54.8557, 29.2605, 44.4826, 23.8048, 50.1243
123, 13.2811, 54.8557, 29.2605, 44.4826, 23.9812, 50.0442
124, 13.2811, 54.8557, 29.2605, 44.4826, 24.1621, 49.894
125, 13.2811, 54.8557, 29.2605, 44.4826, 24.3388, 49.6966
126, 13.2811, 54.8557, 29.2605, 44.4826, 24.5298, 49.4733
127, 13.2811, 54.8557, 29.2605, 44.4826, 24.5298, 49.4733
128, 13.2811, 54.8557, 29.2605, 44.4826, 24.5298, 49.4733
129, 13.2811, 54.8557, 29.2605, 44.4826, 24.5298, 49.4733
130, 13.2811, 54.8557, 29.2605, 44.4826, 24.7225, 49.2626
131, 13.2811, 54.8557, 29.2605, 44.4826, 24.7225, 49.2626
132, 13.2811, 54.8557, 29.2605, 44.4826, 24.999, 49.0872
133, 13.2811, 54.8557, 29.2605, 44.4826, 25.2241, 48.947
134, 13.2811, 54.8557, 29.2605, 44.4826, 25.2241, 48.947
135, 13.2811, 54.8557, 29.2605, 44.4826, 25.2241, 48.947
136, 13.2811, 54.8557, 29.2605, 44.4826, 25.39, 48.8582
137, 13.2811, 54.8557, 29.2605, 44.4826, 25.6856, 48.8394
138, 13.2811, 54.8557, 29.2605, 44.4826, 25.6856, 48.8394
139, 13.2811, 54.8557, 29.2605, 44.4826, 25.6856, 48.8394
140, 13.2811, 54.8557, 29.2605, 44.4826, 25.8163, 48.8425
141, 13.2811, 54.8557, 29.2605, 44.4826, 25.9493, 48.8046
142, 13.2811, 54.8557, 29.2605, 44.4826, 25.9493, 48.8046
143, 13.2811, 54.8557, 29.2605, 44.4826, 26.2008, 48.6537
144, 13.2811, 54.8557, 29.2605, 44.4826, 26.4193, 48.4831
145, 13.2811, 54.8557, 29.2605, 44.4826, 26.4193, 48.4831
146, 13.2811, 54.8557, 29.2605, 44.4826, 26.6231, 48.2841
147, 13.2811, 54.8557, 29.2605, 44.4826, 26.8044, 48.0521
148, 13.2811, 54.8557, 29.2605, 44.4826, 26.9595, 47.8454
149, 13.2811, 54.8557, 29.2605, 44.4826, 27.1154, 47.6635
150, 13.2811, 54.8557, 29.2605, 44.4826, 27.1154, 47.6635
151, 13.2811, 54.8557, 29.2605, 44.4826, 27.1154, 47.6635
152, 13.2811, 54.8557, 29.2605, 44.4826, 27.1154, 47.6635
153, 13.2811, 54.8557, 29.2605, 44.4826, 27.1154, 47.6635
154, 13.2811, 54.8557, 29.2605, 44.4826, 27.1154, 47.6635
155, 13.2811, 54.8557, 29.2605, 44.4826, 27.1154, 47.6635
156, 13.2811, 54.8557, 29.2605, 44.4826, 27.1154, 47.6635
157, 13.2811, 54.8557, 29.2605, 44.4826, 27.1154, 47.6635
158, 13.2811, 54.8557, 29.2605, 44.4826, 27.1154, 47.6635
159, 13.2811, 54.8557, 29.2605, 44.4826, 27.1154, 47.6635
160, 13.2811, 54.8557, 29.2605, 44.4826, 27.1154, 47.6635
161, 13.2811, 54.8557, 29.2605, 44.4826, 27.1154, 47.6635
162, 13.2811, 54.8557, 29.2605, 44.4826, 27.1154, 47.6635
163, 13.2811, 54.8557, 29.2605, 44.4826, 27.1154, 47.6635
164, 13.2811, 54.8557, 29.2605, 44.4826, 27.1154, 47.6635
165, 13.2811, 54.8557, 29.2605, 44.4826, 27.1154, 47.6635
166, 13.2811, 54.8557, 29.2605, 44.4826, 27.1154, 47.6635
167, 13.2811, 54.8557, 29.2605, 44.4826, 27.1154, 47.6635
168, 13.2811, 54.8557, 29.2605, 44.4826, 27.1154, 47.6635
169, 13.2811, 54.8557, 29.2605, 44.4826, 27.1154, 47.6635
170, 13.2811, 54.8557, 29.2605, 44.4826, 27.1154, 47.6635
171, 13.2811, 54.8557, 29.2605, 44.4826, 27.1154, 47.6635
172, 13.2811, 54.8557, 29.2605, 44.4826, 27.1154, 47.6635
173, 13.2811, 54.8557, 29.2605, 44.4826, 27.1154, 47.6635
174, 13.2811, 54.8557, 29.2605, 44.4826, 27.1154, 47.6635
175, 13.2811, 54.8557, 29.2605, 44.4826, 27.1154, 47.6635
176, 13.2811, 54.8557, 29.2605, 44.4826, 27.1154, 47.6635
177, 13.2811, 54.8557, 29.2605, 44.4826, 27.1154, 47.6635
178, 13.2811, 54.8557, 29.2605, 44.4826, 27.1154, 47.6635
179, 13.2811, 54.8557, 29.2605, 44.4826, 27.1154, 47.6635
180, 13.2811, 54.8557, 29.2605, 44.4826, 27.1154, 47.6635
181, 13.2811, 54.8557, 29.2605, 44.4826, 27.1154, 47.6635
182, 13.2811, 54.8557, 29.2605, 44.4826, 27.1154, 47.6635
183, 13.2811, 54.8557, 29.2605, 44.4826, 27.1154, 47.6635
184, 13.2811, 54.8557, 29.2605, 44.4826, 27.1154, 47.6635
185, 13.2811, 54.8557, 29.2605, 44.4826, 27.1154, 47.6635
186, 13.2811, 54.8557, 29.2605, 44.4826, 27.1154, 47.6635
187, 13.2811, 54.8557, 29.2605, 44.4826, 27.1154, 47.6635
188, 13.2811, 54.8557, 29.2605, 44.4826, 27.1154, 47.6635
189, 13.2811, 54.8557, 29.2605, 44.4826, 27.1154, 47.6635
190, 13.2811, 54.8557, 29.2605, 44.4826, 27.1154, 47.6635
191, 13.2811, 54.8557, 29.2605, 44.4826, 27.1154, 47.6635
192, 13.2811, 54.8557, 29.2605, 44.4826, 27.1154, 47.6635
193, 13.2811, 54.8557, 29.2605, 44.4826, 27.1154, 47.6635
194, 13.2811, 54.8557, 29.2605, 44.4826, 27.1154, 47.6635
195, 13.2811, 54.8557, 29.2605, 44.4826, 27.1154, 47.6635
196, 13.2811, 54.8557, 29.2605, 44.4826, 27.1154, 47.6635
197, 13.2811, 54.8557, 29.2605, 44.4826, 27.1154, 47.6635
198, 13.2811, 54.8557, 29.2605, 44.4826, 27.1154, 47.6635
199, 13.2811, 54.8557, 29.2605, 44.4826, 27.1154, 47.6635
200, 13.2811, 54.8557, 29.2605, 44.4826, 27.1154, 47.6635
201, 13.2811, 54.8557, 29.2605, 44.4826, 27.1154, 47.6635
202, 13.2811, 54.8557, 29.2605, 44.4826, 27.1154, 47.6635
203, 13.2811, 54.8557, 29.2605, 44.4826, 27.1154, 47.6635
204, 13.2811, 54.8557, 29.2605, 44.4826, 27.1154, 47.6635
205, 13.2811, 54.8557, 29.2605, 44.4826, 27.1154, 47.6635
206, 13.2811, 54.8557, 29.2605, 44.4826, 27.1154, 47.6635
207, 13.2811, 54.8557, 29.2605, 44.4826, 27.1154, 47.6635
208, 13.2811, 54.8557, 29.2605, 44.4826, 27.1154, 47.6635
209, 13.2811, 54.8557, 29.2605, 44.4826, 27.1154, 47.6635
210, 13.2811, 54.8557, 29.2605, 44.4826, 27.1154, 47.6635
211, 13.2811, 54.8557, 29.2605, 44.4826, 27.1154, 47.6635
212, 13.2811, 54.8557, 29.2605, 44.4826, 27.1154, 47.6635
213, 13.2811, 54.8557, 29.2605, 44.4826, 27.1154, 47.6635
214, 13.2811, 54.8557, 29.2605, 44.4826, 27.1154, 47.6635
215, 13.2811, 54.8557, 29.2605, 44.4826, 27.1154, 47.6635
216, 13.2811, 54.8557, 29.2605, 44.4826, 27.1154, 47.6635
217, 13.2811, 54.8557, 29.2605, 44.4826, 27.1154, 47.6635
218, 13.2811, 54.8557, 29.2605, 44.4826, 27.1154, 47.6635
219, 13.2811, 54.8557, 29.2605, 44.4826, 27.1154, 47.6635
220, 13.2811, 54.8557, 29.2605, 44.4826, 27.1154, 47.6635
221, 13.2811, 54.8557, 29.2605, 44.4826, 27.1154, 47.6635
222, 13.2811, 54.8557, 29.2605, 44.4826, 27.1154, 47.6635
223, 13.2811, 54.8557, 29.2605, 44.4826, 27.1154, 47.6635
224, 13.2811, 54.8557, 29.2605, 44.4826, 27.1154, 47.6635
225, 13.2811, 54.8557, 29.2605, 44.4826, 27.1353, 47.6553
226, 13.2811, 54.8557, 29.2605, 44.4826, 27.1504, 47.6677
227, 13.2811, 54.8557, 29.2605, 44.4826, 27.1593, 47.6801
228, 13.2811, 54.8557, 29.2605, 44.4826, 27.165, 47.6916
229, 13.2811, 54.8557, 29.2605, 44.4826, 27.1649, 47.6967
230, 13.2811, 54.8557, 29.2605, 44.4826, 27.1687, 47.7045
231, 13.2811, 54.8557, 29.2605, 44.4826, 27.1697, 47.7066
232, 13.2811, 54.8557, 29.2605, 44.4826, 27.1782, 47.7152
233, 13.2811, 54.8557, 29.2605, 44.4826, 27.1762, 47.7419
234, 13.2811, 54.8557, 29.2605, 44.4826, 27.181, 47.7418
235, 13.2811, 54.8557, 29.2605, 44.4826, 27.1834, 47.752
236, 13.2811, 54.8557, 29.2605, 44.4826, 27.1866, 47.7569
237, 13.2811, 54.8557, 29.2605, 44.4826, 27.1885, 47.7605
238, 13.2811, 54.8557, 29.2605, 44.4826, 27.1885, 47.7605
239, 13.2811, 54.8557, 29.2605, 44.4826, 27.1885, 47.7605
240, 13.2811, 54.8557, 29.2605, 44.4826, 27.1885, 47.7605
241, 13.2811, 54.8557, 29.2605, 44.4826, 27.1885, 47.7605
242, 13.2811, 54.8557, 29.2605, 44.4826, 27.1885, 47.7605
243, 13.2811, 54.8557, 29.2605, 44.4826, 27.1885, 47.7605
244, 13.2811, 54.8557, 29.2605, 44.4826, 27.1885, 47.7605
245, 13.2811, 54.8557, 29.2605, 44.4826, 27.1885, 47.7605
246, 13.2811, 54.8557, 29.2605, 44.4826, 27.1885, 47.7605
247, 13.2811, 54.8557, 29.2605, 44.4826, 27.1885, 47.7605
248, 13.2811, 54.8557, 29.2605, 44.4826, 27.1895, 47.7597
249, 13.2811, 54.8557, 29.2605, 44.4826, 27.1895, 47.7597
250, 13.2811, 54.8557, 29.2605, 44.4826, 27.1895, 47.7597
251, 13.2811, 54.8557, 29.2605, 44.4826, 27.1939, 47.7657
252, 13.2811, 54.8557, 29.2605, 44.4826, 27.1976, 47.7817
253, 13.2811, 54.8557, 29.2605, 44.4826, 27.2015, 47.7906
254, 13.2811, 54.8557, 29.2605, 44.4826, 27.2066, 47.7981
255, 13.2811, 54.8557, 29.2605, 44.4826, 27.2097, 47.7956
256, 13.2811, 54.8557, 29.2605, 44.4826, 27.2097, 47.7956
257, 13.2811, 54.8557, 29.2605, 44.4826, 27.2097, 47.7956
258, 13.2811, 54.8557, 29.2605, 44.4826, 27.2097, 47.7956
259, 13.2811, 54.8557, 29.2605, 44.4826, 27.2097, 47.7956
260, 13.2811, 54.8557, 29.2605, 44.4826, 27.2097, 47.7956
261, 13.2811, 54.8557, 29.2605, 44.4826, 27.2097, 47.7956
262, 13.2811, 54.8557, 29.2605, 44.4826, 27.409, 47.6182
263, 13.2811, 54.8557, 29.2605, 44.4826, 27.409, 47.6182
264, 13.2811, 54.8557, 29.2605, 44.4826, 27.409, 47.6182
265, 13.2811, 54.8557, 29.2605, 44.4826, 27.409, 47.6182
266, 13.2811, 54.8557, 29.2605, 44.4826, 27.409, 47.6182
267, 13.2811, 54.8557, 29.2605, 44.4826, 27.409, 47.6182
268, 13.2811, 54.8557, 29.2605, 44.4826, 27.409, 47.6182
269, 13.2811, 54.8557, 29.2605, 44.4826, 27.409, 47.6182
270, 13.2811, 54.8557, 29.2605, 44.4826, 27.409, 47.6182
271, 13.2811, 54.8557, 29.2605, 44.4826, 27.409, 47.6182
272, 13.2811, 54.8557, 29.2605, 44.4826, 27.409, 47.6182
273, 13.2811, 54.8557, 29.2605, 44.4826, 27.409, 47.6182
274, 13.2811, 54.8557, 29.2605, 44.4826, 27.409, 47.6182
275, 13.2811, 54.8557, 29.2605, 44.4826, 27.409, 47.6182
276, 13.2811, 54.8557, 29.2605, 44.4826, 27.409, 47.6182
277, 13.2811, 54.8557, 29.2605, 44.4826, 27.409, 47.6182
278, 13.2811, 54.8557, 29.2605, 44.4826, 27.409, 47.6182
279, 13.2811, 54.8557, 29.2605, 44.4826, 27.409, 47.6182
280, 13.2811, 54.8557, 29.2605, 44.4826, 27.409, 47.6182
281, 13.2811, 54.8557, 29.2605, 44.4826, 27.409, 47.6182
282, 13.2811, 54.8557, 29.2605, 44.4826, 27.409, 47.6182
283, 13.2811, 54.8557, 29.2605, 44.4826, 27.409, 47.6182
284, 13.2811, 54.8557, 29.2605, 44.4826, 27.606, 47.4302
285, 13.2811, 54.8557, 29.2605, 44.4826, 27.606, 47.4302
286, 13.2811, 54.8557, 29.2605, 44.4826, 27.606, 47.4302
287, 13.2811, 54.8557, 29.2605, 44.4826, 27.8002, 47.2549
288, 13.2811, 54.8557, 29.2605, 44.4826, 27.8002, 47.2549
289, 13.2811, 54.8557, 29.2605, 44.4826, 27.965, 47.0858
290, 13.2811, 54.8557, 29.2605, 44.4826, 28.0075, 47.0282
291, 13.2811, 54.8557, 29.2605, 44.4826, 28.0227, 46.9825
292, 13.2811, 54.8557, 29.2605, 44.4826, 28.0239, 46.9193
293, 13.2811, 54.8557, 29.2605, 44.4826, 28.0239, 46.9193
294, 13.2811, 54.8557, 29.2605, 44.4826, 28.0239, 46.9193
295, 13.2811, 54.8557, 29.2605, 44.4826, 27.9889, 46.5935
296, 13.2811, 54.8557, 29.2605, 44.4826, 27.9889, 46.5935
297, 13.2811, 54.8557, 29.2605, 44.4826, 28.0023, 46.3964
298, 13.2811, 54.8557, 29.2605, 44.4826, 28.0256, 46.3502
299, 13.2811, 54.8557, 29.2605, 44.4826, 28.0614, 46.3119
300, 13.2811, 54.8557, 29.2605, 44.4826, 28.0614, 46.3119
301, 13.2811, 54.8557, 29.2605, 44.4826, 28.2547, 46.1347
302, 13.2811, 54.8557, 29.2605, 44.4826, 28.2547, 46.1347
303, 13.2811, 54.8557, 29.2605, 44.4826, 28.2547, 46.1347
304, 13.2811, 54.8557, 29.2605, 44.4826, 28.2547, 46.1347
305, 13.2811, 54.8557, 29.2605, 44.4826, 28.2547, 46.1347
306, 13.2811, 54.8557, 29.2605, 44.4826, 28.2547, 46.1347
307, 13.2811, 54.8557, 29.2605, 44.4826, 28.2547, 46.1347
308, 13.2811, 54.8557, 29.2605, 44.4826, 28.2547, 46.1347
309, 13.2811, 54.8557, 29.2605, 44.4826, 28.2547, 46.1347
310, 13.2811, 54.8557, 29.2605, 44.4826, 28.2547, 46.1347
311, 13.2811, 54.8557, 29.2605, 44.4826, 28.2547, 46.1347
312, 13.2811, 54.8557, 29.2605, 44.4826, 28.2547, 46.1347
313, 13.2811, 54.8557, 29.2605, 44.4826, 28.2547, 46.1347
314, 13.2811, 54.8557, 29.2605, 44.4826, 28.2547, 46.1347
315, 13.2811, 54.8557, 29.2605, 44.4826, 28.4586, 45.9625
316, 13.2811, 54.8557, 29.2605, 44.4826, 28.4586, 45.9625
317, 13.2811, 54.8557, 29.2605, 44.4826, 28.4586, 45.9625
318, 13.2811, 54.8557, 29.2605, 44.4826, 28.4586, 45.9625
319, 13.2811, 54.8557, 29.2605, 44.4826, 28.6654, 45.793
320, 13.2811, 54.8557, 29.2605, 44.4826, 28.6654, 45.793
321, 13.2811, 54.8557, 29.2605, 44.4826, 28.6654, 45.793
322, 13.2811, 54.8557, 29.2605, 44.4826, 28.8646, 45.6296
323, 13.2811, 54.8557, 29.2605, 44.4826, 28.8646, 45.6296
324, 13.2811, 54.8557, 29.2605, 44.4826, 28.8646, 45.6296
325, 13.2811, 54.8557, 29.2605, 44.4826, 29.027, 45.4113
326, 13.2811, 54.8557, 29.2605, 44.4826, 29.027, 45.4113
327, 13.2811, 54.8557, 29.2605, 44.4826, 29.1791, 45.208
328, 13.2811, 54.8557, 29.2605, 44.4826, 29.1791, 45.208
329, 13.2811, 54.8557, 29.2605, 44.4826, 29.1791, 45.208
330, 13.2811, 54.8557, 29.2605, 44.4826, 29.3316, 45.002
331, 13.2811, 54.8557, 29.2605, 44.4826, 29.3316, 45.002
332, 13.2811, 54.8557, 29.2605, 44.4826, 29.3316, 45.002
333, 13.2811, 54.8557, 29.2605, 44.4826, 29.4937, 44.7932
334, 13.2811, 54.8557, 29.2605, 44.4826, 29.4937, 44.7932
335, 13.2811, 54.8557, 29.2605, 44.4826, 29.4937, 44.7932
336, 13.2811, 54.8557, 29.2605, 44.4826, 29.642, 44.5988
337, 13.2811, 54.8557, 29.2605, 44.4826, 29.642, 44.5988
338, 13.2811, 54.8557, 29.2605, 44.4826, 29.7929, 44.4034
339, 13.2811, 54.8557, 29.2605, 44.4826, 29.7929, 44.4034
340, 13.2811, 54.8557, 29.2605, 44.4826, 29.7929, 44.4034
341, 13.2811, 54.8557, 29.2605, 44.4826, 29.9549, 44.2085
342, 13.2811, 54.8557, 29.2605, 44.4826, 29.9549, 44.2085
343, 13.2811, 54.8557, 29.2605, 44.4826, 29.9549, 44.2085
344, 13.2811, 54.8557, 29.2605, 44.4826, 30.117, 44.0154
345, 13.2811, 54.8557, 29.2605, 44.4826, 30.117, 44.0154
346, 13.2811, 54.8557, 29.2605, 44.4826, 30.2921, 43.8241
347, 13.2811, 54.8557, 29.2605, 44.4826, 30.2921, 43.8241
348, 13.2811, 54.8557, 29.2605, 44.4826, 30.2921, 43.8241
349, 13.2811, 54.8557, 29.2605, 44.4826, 30.4625, 43.6296
350, 13.2811, 54.8557, 29.2605, 44.4826, 30.4625, 43.6296
351, 13.2811, 54.8557, 29.2605, 44.4826, 30.4625, 43.6296
352, 13.2811, 54.8557, 29.2605, 44.4826, 30.6413, 43.4385
353, 13.2811, 54.8557, 29.2605, 44.4826, 30.6413, 43.4385
354, 13.2811, 54.8557, 29.2605, 44.4826, 30.816, 43.2456
355, 13.2811, 54.8557, 29.2605, 44.4826, 30.816, 43.2456
356, 13.2811, 54.8557, 29.2605, 44.4826, 30.816, 43.2456
357, 13.2811, 54.8557, 29.2605, 44.4826, 30.9916, 43.0545
358, 13.2811, 54.8557, 29.2605, 44.4826, 30.9916, 43.0545
359, 13.2811, 54.8557, 29.2605, 44.4826, 31.1659, 42.8603
360, 13.2811, 54.8557, 29.2605, 44.4826, 31.1659, 42.8603
361, 13.2811, 54.8557, 29.2605, 44.4826, 31.1659, 42.8603
362, 13.2811, 54.8557, 29.2605, 44.4826, 31.3418, 42.6641
363, 13.2811, 54.8557, 29.2605, 44.4826, 31.3418, 42.6641
364, 13.2811, 54.8557, 29.2605, 44.4826, 31.3418, 42.6641
365, 13.2811, 54.8557, 29.2605, 44.4826, 31.518, 42.4773
366, 13.2811, 54.8557, 29.2605, 44.4826, 31.518, 42.4773
367, 13.2811, 54.8557, 29.2605, 44.4826, 31.6864, 42.2843
368, 13.2811, 54.8557, 29.2605, 44.4826, 31.6864, 42.2843
369, 13.2811, 54.8557, 29.2605, 44.4826, 31.6864, 42.2843
370, 13.2811, 54.8557, 29.2605, 44.4826, 31.8584, 42.0997
371, 13.2811, 54.8557, 29.2605, 44.4826, 31.8584, 42.0997
372, 13.2811, 54.8557, 29.2605, 44.4826, 31.8584, 42.0997
373, 13.2811, 54.8557, 29.2605, 44.4826, 32.0407, 41.9083
374, 13.2811, 54.8557, 29.2605, 44.4826, 32.0407, 41.9083
375, 13.2811, 54.8557, 29.2605, 44.4826, 32.2232, 41.7218
376, 13.2811, 54.8557, 29.2605, 44.4826, 32.2232, 41.7218
377, 13.2811, 54.8557, 29.2605, 44.4826, 32.2232, 41.7218
378, 13.2811, 54.8557, 29.2605, 44.4826, 32.4016, 41.536
379, 13.2811, 54.8557, 29.2605, 44.4826, 32.4016, 41.536
380, 13.2811, 54.8557, 29.2605, 44.4826, 32.5818, 41.348
381, 13.2811, 54.8557, 29.2605, 44.4826, 32.5818, 41.348
382, 13.2811, 54.8557, 29.2605, 44.4826, 32.5818, 41.348
383, 13.2811, 54.8557, 29.2605, 44.4826, 32.7611, 41.1645
384, 13.2811, 54.8557, 29.2605, 44.4826, 32.7611, 41.1645
385, 13.2811, 54.8557, 29.2605, 44.4826, 32.9157, 40.9956
386, 13.2811, 54.8557, 29.2605, 44.4826, 32.9157, 40.9956
387, 13.2811, 54.8557, 29.2605, 44.4826, 32.9157, 40.9956
388, 13.2811, 54.8557, 29.2605, 44.4826, 32.9157, 40.9956
389, 13.2811, 54.8557, 29.2605, 44.4826, 32.9157, 40.9956
390, 13.2811, 54.8557, 29.2605, 44.4826, 33.0203, 40.7721
391, 13.2811, 54.8557, 29.2605, 44.4826, 33.1259, 40.5383
392, 13.2811, 54.8557, 29.2605, 44.4826, 33.1259, 40.5383
393, 13.2811, 54.8557, 29.2605, 44.4826, 33.2267, 40.3046
394, 13.2811, 54.8557, 29.2605, 44.4826, 33.2267, 40.3046
395, 13.2811, 54.8557, 29.2605, 44.4826, 33.2267, 40.3046
396, 13.2811, 54.8557, 29.2605, 44.4826, 33.3512, 40.0789
397, 13.2811, 54.8557, 29.2605, 44.4826, 33.3512, 40.0789
398, 13.2811, 54.8557, 29.2605, 44.4826, 33.3512, 40.0789
399, 13.2811, 54.8557, 29.2605, 44.4826, 33.5015, 39.871
400, 13.2811, 54.8557, 29.2605, 44.4826, 33.5015, 39.871
401, 13.2811, 54.8557, 29.2605, 44.4826, 33.6692, 39.6733
402, 13.2811, 54.8557, 29.2605, 44.4826, 33.6692, 39.6733
403, 13.2811, 54.8557, 29.2605, 44.4826, 33.6692, 39.6733
404, 13.2811, 54.8557, 29.2605, 44.4826, 33.8454, 39.4846
405, 13.2811, 54.8557, 29.2605, 44.4826, 33.8454, 39.4846
406, 13.2811, 54.8557, 29.2605, 44.4826, 34.0211, 39.2885
407, 13.2811, 54.8557, 29.2605, 44.4826, 34.0211, 39.2885
408, 13.2811, 54.8557, 29.2605, 44.4826, 34.0211, 39.2885
409, 13.2811, 54.8557, 29.2605, 44.4826, 34.1969, 39.097
410, 13.2811, 54.8557, 29.2605, 44.4826, 34.1969, 39.097
411, 13.2811, 54.8557, 29.2605, 44.4826, 34.1969, 39.097
412, 13.2811, 54.8557, 29.2605, 44.4826, 34.3831, 38.9167
413, 13.2811, 54.8557, 29.2605, 44.4826, 34.4797, 38.8612
414, 13.2811, 54.8557, 29.2605, 44.4826, 34.4797, 38.8612
415, 13.2811, 54.8557, 29.2605, 44.4826, 34.4797, 38.8612
416, 13.2811, 54.8557, 29.2605, 44.4826, 34.7609, 38.7263
417, 13.2811, 54.8557, 29.2605, 44.4826, 34.7609, 38.7263
418, 13.2811, 54.8557, 29.2605, 44.4826, 34.7609, 38.7263
419, 13.2811, 54.8557, 29.2605, 44.4826, 35.0091, 38.589
420, 13.2811, 54.8557, 29.2605, 44.4826, 35.0091, 38.589
421, 13.2811, 54.8557, 29.2605, 44.4826, 35.0091, 38.589
422, 13.2811, 54.8557, 29.2605, 44.4826, 35.2558, 38.4449
423, 13.2811, 54.8557, 29.2605, 44.4826, 35.2558, 38.4449
424, 13.2811, 54.8557, 29.2605, 44.4826, 35.4884, 38.2842
425, 13.2811, 54.8557, 29.2605, 44.4826, 35.4884, 38.2842
426, 13.2811, 54.8557, 29.2605, 44.4826, 35.4884, 38.2842
427, 13.2811, 54.8557, 29.2605, 44.4826, 35.7225, 38.1221
428, 13.2811, 54.8557, 29.2605, 44.4826, 35.7225, 38.1221
429, 13.2811, 54.8557, 29.2605, 44.4826, 35.7225, 38.1221
430, 13.2811, 54.8557, 29.2605, 44.4826, 35.9567, 37.9551
431, 13.2811, 54.8557, 29.2605, 44.4826, 35.9567, 37.9551
432, 13.2811, 54.8557, 29.2605, 44.4826, 36.1467, 37.7737
433, 13.2811, 54.8557, 29.2605, 44.4826, 36.1467, 37.7737
434, 13.2811, 54.8557, 29.2605, 44.4826, 36.1467, 37.7737
435, 13.2811, 54.8557, 29.2605, 44.4826, 36.3223, 37.5845
436, 13.2811, 54.8557, 29.2605, 44.4826, 36.3223, 37.5845
437, 13.2811, 54.8557, 29.2605, 44.4826, 36.3223, 37.5845
438, 13.2811, 54.8557, 29.2605, 44.4826, 36.4774, 37.3766
439, 13.2811, 54.8557, 29.2605, 44.4826, 36.4774, 37.3766
440, 13.2811, 54.8557, 29.2605, 44.4826, 36.5885, 37.1429
441, 13.2811, 54.8557, 29.2605, 44.4826, 36.5885, 37.1429
442, 13.2811, 54.8557, 29.2605, 44.4826, 36.5885, 37.1429
443, 13.2811, 54.8557, 29.2605, 44.4826, 36.6952, 36.9164
444, 13.2811, 54.8557, 29.2605, 44.4826, 36.6952, 36.9164
445, 13.2811, 54.8557, 29.2605, 44.4826, 36.8221, 36.6834
446, 13.2811, 54.8557, 29.2605, 44.4826, 36.8221, 36.6834
447, 13.2811, 54.8557, 29.2605, 44.4826, 36.8221, 36.6834
448, 13.2811, 54.8557, 29.2605, 44.4826, 36.9865, 36.484
449, 13.2811, 54.8557, 29.2605, 44.4826, 36.9865, 36.484
450, 13.2811, 54.8557, 29.2605, 44.4826, 36.9865, 36.484
451, 13.2811, 54.8557, 29.2605, 44.4826, 37.1669, 36.2918
452, 13.2811, 54.8557, 29.2605, 44.4826, 37.1669, 36.2918
453, 13.2811, 54.8557, 29.2605, 44.4826, 37.3092, 36.0709
454, 13.2811, 54.8557, 29.2605, 44.4826, 37.3092, 36.0709
455, 13.2811, 54.8557, 29.2605, 44.4826, 37.3092, 36.0709
456, 13.2811, 54.8557, 29.2605, 44.4826, 37.4419, 35.8514
457, 13.2811, 54.8557, 29.2605, 44.4826, 37.4419, 35.8514
458, 13.2811, 54.8557, 29.2605, 44.4826, 37.4419, 35.8514
459, 13.2811, 54.8557, 29.2605, 44.4826, 37.573, 35.622
460, 13.2811, 54.8557, 29.2605, 44.4826, 37.573, 35.622
461, 13.2811, 54.8557, 29.2605, 44.4826, 37.7094, 35.4065
462, 13.2811, 54.8557, 29.2605, 44.4826, 37.7094, 35.4065
463, 13.2811, 54.8557, 29.2605, 44.4826, 37.7094, 35.4065
464, 13.2811, 54.8557, 29.2605, 44.4826, 37.7094, 35.4065
465, 13.2811, 54.8557, 29.2605, 44.4826, 37.7094, 35.4065
466, 13.2811, 54.8557, 29.2605, 44.4826, 37.7094, 35.4065
467, 13.2811, 54.8557, 29.2605, 44.4826, 37.841, 35.1915
468, 13.2811, 54.8557, 29.2605, 44.4826, 37.841, 35.1915
469, 13.2811, 54.8557, 29.2605, 44.4826, 37.841, 35.1915
470, 13.2811, 54.8557, 29.2605, 44.4826, 37.924, 35.0749
471, 13.2811, 54.8557, 29.2605, 44.4826, 37.9337, 35.0805
472, 13.2811, 54.8557, 29.2605, 44.4826, 37.9364, 35.0888
473, 13.2811, 54.8557, 29.2605, 44.4826, 37.9341, 35.0987
474, 13.2811, 54.8557, 29.2605, 44.4826, 37.9375, 35.1154
475, 13.2811, 54.8557, 29.2605, 44.4826, 37.935, 35.1312
476, 13.2811, 54.8557, 29.2605, 44.4826, 37.9325, 35.1575
477, 13.2811, 54.8557, 29.2605, 44.4826, 37.9415, 35.1568
478, 13.2811, 54.8557, 29.2605, 44.4826, 37.9404, 35.1609
479, 13.2811, 54.8557, 29.2605, 44.4826, 37.9433, 35.1696
480, 13.2811, 54.8557, 29.2605, 44.4826, 37.9457, 35.1768
481, 13.2811, 54.8557, 29.2605, 44.4826, 37.9463, 35.1815
482, 13.2811, 54.8557, 29.2605, 44.4826, 37.9462, 35.1894
483, 13.2811, 54.8557, 29.2605, 44.4826, 37.9435, 35.1952
484, 13.2811, 54.8557, 29.2605, 44.4826, 37.9485, 35.1984
485, 13.2811, 54.8557, 29.2605, 44.4826, 37.9487, 35.1996
486, 13.2811, 54.8557, 29.2605, 44.4826, 37.9487, 35.1996
487, 13.2811, 54.8557, 29.2605, 44.4826, 37.9487, 35.1996
488, 13.2811, 54.8557, 29.2605, 44.4826, 37.9487, 35.1996
489, 13.2811, 54.8557, 29.2605, 44.4826, 37.9458, 35.2014
490, 13.2811, 54.8557, 29.2605, 44.4826, 37.952, 35.1957
491, 13.2811, 54.8557, 29.2605, 44.4826, 37.9399, 35.1861
492, 13.2811, 54.8557, 29.2605, 44.4826, 37.9399, 35.1861
493, 13.2811, 54.8557, 29.2605, 44.4826, 37.9399, 35.1861
494, 13.2811, 54.8557, 29.2605, 44.4826, 37.9399, 35.1861
495, 13.2811, 54.8557, 29.2605, 44.4826, 37.9399, 35.1861
496, 13.2811, 54.8557, 29.2605, 44.4826, 37.9399, 35.1861
497, 13.2811, 54.8557, 29.2605, 44.4826, 37.8047, 35.0204
498, 13.2811, 54.8557, 29.2605, 44.4826, 37.8026, 35.0268
499, 13.2811, 54.8557, 29.2605, 44.4826, 37.8026, 35.0268
500, 13.2811, 54.8557, 29.2605, 44.4826, 37.8026, 35.0268
501, 13.2811, 54.8557, 29.2605, 44.4826, 37.8026, 35.0268
502, 13.2811, 54.8557, 29.2605, 44.4826, 37.8026, 35.0268
503, 13.2811, 54.8557, 29.2605, 44.4826, 37.8026, 35.0268
504, 13.2811, 54.8557, 29.2605, 44.4826, 37.8026, 35.0268
505, 13.2811, 54.8557, 29.2605, 44.4826, 37.8026, 35.0268
506, 13.2811, 54.8557, 29.2605, 44.4826, 37.8026, 35.0268
507, 13.2811, 54.8557, 29.2605, 44.4826, 37.8026, 35.0268
508, 13.2811, 54.8557, 29.2605, 44.4826, 37.8026, 35.0268
509, 13.2811, 54.8557, 29.2605, 44.4826, 37.8026, 35.0268
510, 13.2811, 54.8557, 29.2605, 44.4826, 37.8026, 35.0268
511, 13.2811, 54.8557, 29.2605, 44.4826, 37.8026, 35.0268
512, 13.2811, 54.8557, 29.2605, 44.4826, 37.8026, 35.0268
513, 13.2811, 54.8557, 29.2605, 44.4826, 37.8026, 35.0268
514, 13.2811, 54.8557, 29.2605, 44.4826, 37.8026, 35.0268
515, 13.2811, 54.8557, 29.2605, 44.4826, 37.8026, 35.0268
516, 13.2811, 54.8557, 29.2605, 44.4826, 37.8026, 35.0268
517, 13.2811, 54.8557, 29.2605, 44.4826, 37.8026, 35.0268
518, 13.2811, 54.8557, 29.2605, 44.4826, 37.8026, 35.0268
519, 13.2811, 54.8557, 29.2605, 44.4826, 37.8026, 35.0268
520, 13.2811, 54.8557, 29.2605, 44.4826, 37.8026, 35.0268
521, 13.2811, 54.8557, 29.2605, 44.4826, 37.8026, 35.0268
522, 13.2811, 54.8557, 29.2605, 44.4826, 37.8026, 35.0268
523, 13.2811, 54.8557, 29.2605, 44.4826, 37.8026, 35.0268
524, 13.2811, 54.8557, 29.2605, 44.4826, 37.8026, 35.0268
525, 13.2811, 54.8557, 29.2605, 44.4826, 37.8026, 35.0268
526, 13.2811, 54.8557, 29.2605, 44.4826, 37.8026, 35.0268
527, 13.2811, 54.8557, 29.2605, 44.4826, 37.8026, 35.0268
528, 13.2811, 54.8557, 29.2605, 44.4826, 37.8026, 35.0268
529, 13.2811, 54.8557, 29.2605, 44.4826, 37.8026, 35.0268
530, 13.2811, 54.8557, 29.2605, 44.4826, 37.8026, 35.0268
531, 13.2811, 54.8557, 29.2605, 44.4826, 37.8026, 35.0268
532, 13.2811, 54.8557, 29.2605, 44.4826, 37.8026, 35.0268
533, 13.2811, 54.8557, 29.2605, 44.4826, 37.8026, 35.0268
534, 13.2811, 54.8557, 29.2605, 44.4826, 37.8026, 35.0268
535, 13.2811, 54.8557, 29.2605, 44.4826, 37.8026, 35.0268
536, 13.2811, 54.8557, 29.2605, 44.4826, 37.8026, 35.0268
537, 13.2811, 54.8557, 29.2605, 44.4826, 37.8026, 35.0268
538, 13.2811, 54.8557, 29.2605, 44.4826, 37.8026, 35.0268
539, 13.2811, 54.8557, 29.2605, 44.4826, 37.8026, 35.0268
540, 13.2811, 54.8557, 29.2605, 44.4826, 37.8026, 35.0268
541, 13.2811, 54.8557, 29.2605, 44.4826, 37.8026, 35.0268
542, 13.2811, 54.8557, 29.2605, 44.4826, 37.8026, 35.0268
543, 13.2811, 54.8557, 29.2605, 44.4826, 37.8026, 35.0268
544, 13.2811, 54.8557, 29.2605, 44.4826, 37.8026, 35.0268
545, 13.2811, 54.8557, 29.2605, 44.4826, 37.8026, 35.0268
546, 13.2811, 54.8557, 29.2605, 44.4826, 37.8026, 35.0268
547, 13.2811, 54.8557, 29.2605, 44.4826, 37.8026, 35.0268
548, 13.2811, 54.8557, 29.2605, 44.4826, 37.8026, 35.0268
549, 13.2811, 54.8557, 29.2605, 44.4826, 37.8026, 35.0268
550, 13.2811, 54.8557, 29.2605, 44.4826, 37.8026, 35.0268
551, 13.2811, 54.8557, 29.2605, 44.4826, 37.8026, 35.0268
552, 13.2811, 54.8557, 29.2605, 44.4826, 37.8026, 35.0268
553, 13.2811, 54.8557, 29.2605, 44.4826, 37.8026, 35.0268
554, 13.2811, 54.8557, 29.2605, 44.4826, 37.8026, 35.0268
555, 13.2811, 54.8557, 29.2605, 44.4826, 37.8026, 35.0268
556, 13.2811, 54.8557, 29.2605, 44.4826, 37.8026, 35.0268
557, 13.2811, 54.8557, 29.2605, 44.4826, 37.8026, 35.0268
558, 13.2811, 54.8557, 29.2605, 44.4826, 37.8026, 35.0268
559, 13.2811, 54.8557, 29.2605, 44.4826, 37.8026, 35.0268
560, 13.2811, 54.8557, 29.2605, 44.4826, 37.8026, 35.0268
561, 13.2811, 54.8557, 29.2605, 44.4826, 37.8026, 35.0268
562, 13.2811, 54.8557, 29.2605, 44.4826, 37.8026, 35.0268
563, 13.2811, 54.8557, 29.2605, 44.4826, 37.8026, 35.0268
564, 13.2811, 54.8557, 29.2605, 44.4826, 37.8026, 35.0268
565, 13.2811, 54.8557, 29.2605, 44.4826, 37.8026, 35.0268
566, 13.2811, 54.8557, 29.2605, 44.4826, 37.8026, 35.0268
567, 13.2811, 54.8557, 29.2605, 44.4826, 37.8026, 35.0268
568, 13.2811, 54.8557, 29.2605, 44.4826, 37.8026, 35.0268
569, 13.2811, 54.8557, 29.2605, 44.4826, 37.8026, 35.0268
570, 13.2811, 54.8557, 29.2605, 44.4826, 37.8026, 35.0268
571, 13.2811, 54.8557, 29.2605, 44.4826, 37.8026, 35.0268
572, 13.2811, 54.8557, 29.2605, 44.4826, 37.8026, 35.0268
573, 13.2811, 54.8557, 29.2605, 44.4826, 37.8026, 35.0268
574, 13.2811, 54.8557, 29.2605, 44.4826, 37.8026, 35.0268
575, 13.2811, 54.8557, 29.2605, 44.4826, 37.8026, 35.0268
576, 13.2811, 54.8557, 29.2605, 44.4826, 37.8026, 35.0268
577, 13.2811, 54.8557, 29.2605, 44.4826, 37.8026, 35.0268
578, 13.2811, 54.8557, 29.2605, 44.4826, 37.8026, 35.0268
579, 13.2811, 54.8557, 29.2605, 44.4826, 37.8026, 35.0268
580, 13.2811, 54.8557, 29.2605, 44.4826, 37.8026, 35.0268
581, 13.2811, 54.8557, 29.2605, 44.4826, 37.8026, 35.0268
582, 13.2811, 54.8557, 29.2605, 44.4826, 37.8026, 35.0268
583, 13.2811, 54.8557, 29.2605, 44.4826, 37.8026, 35.0268
584, 13.2811, 54.8557, 29.2605, 44.4826, 37.8026, 35.0268
585, 13.2811, 54.8557, 29.2605, 44.4826, 37.8026, 35.0268
586, 13.2811, 54.8557, 29.2605, 44.4826, 37.8026, 35.0268
587, 13.2811, 54.8557, 29.2605, 44.4826, 37.8026, 35.0268
588, 13.2811, 54.8557, 29.2605, 44.4826, 37.8026, 35.0268
589, 13.2811, 54.8557, 29.2605, 44.4826, 37.8026, 35.0268
590, 13.2811, 54.8557, 29.2605, 44.4826, 37.8026, 35.0268
591, 13.2811, 54.8557, 29.2605, 44.4826, 37.8026, 35.0268
592, 13.2811, 54.8557, 29.2605, 44.4826, 37.8026, 35.0268
593, 13.2811, 54.8557, 29.2605, 44.4826, 37.8026, 35.0268
594, 13.2811, 54.8557, 29.2605, 44.4826, 37.8026, 35.0268
595, 13.2811, 54.8557, 29.2605, 44.4826, 37.8026, 35.0268
596, 13.2811, 54.8557, 29.2605, 44.4826, 37.8026, 35.0268
597, 13.2811, 54.8557, 29.2605, 44.4826, 37.8026, 35.0268
598, 13.2811, 54.8557, 29.2605, 44.4826, 37.8026, 35.0268
599, 13.2811, 54.8557, 29.2605, 44.4826, 37.8026, 35.0268
600, 13.2811, 54.8557, 29.2605, 44.4826, 37.8026, 35.0268
601, 13.2811, 54.8557, 29.2605, 44.4826, 37.8026, 35.0268
602, 13.2811, 54.8557, 29.2605, 44.4826, 37.8026, 35.0268
603, 13.2811, 54.8557, 29.2605, 44.4826, 37.8026, 35.0268
604, 13.2811, 54.8557, 29.2605, 44.4826, 37.8026, 35.0268
605, 13.2811, 54.8557, 29.2605, 44.4826, 37.8026, 35.0268
606, 13.2811, 54.8557, 29.2605, 44.4826, 37.8026, 35.0268
607, 13.2811, 54.8557, 29.2605, 44.4826, 37.8026, 35.0268
608, 13.2811, 54.8557, 29.2605, 44.4826, 37.8026, 35.0268
609, 13.2811, 54.8557, 29.2605, 44.4826, 37.8026, 35.0268
610, 13.2811, 54.8557, 29.2605, 44.4826, 37.8026, 35.0268
611, 13.2811, 54.8557, 29.2605, 44.4826, 37.8026, 35.0268
612, 13.2811, 54.8557, 29.2605, 44.4826, 37.8026, 35.0268
613, 13.2811, 54.8557, 29.2605, 44.4826, 37.8026, 35.0268
614, 13.2811, 54.8557, 29.2605, 44.4826, 37.8026, 35.0268
615, 13.2811, 54.8557, 29.2605, 44.4826, 37.8026, 35.0268
616, 13.2811, 54.8557, 29.2605, 44.4826, 37.8026, 35.0268
617, 13.2811, 54.8557, 29.2605, 44.4826, 37.8026, 35.0268
618, 13.2811, 54.8557, 29.2605, 44.4826, 37.8026, 35.0268
619, 13.2811, 54.8557, 29.2605, 44.4826, 37.8026, 35.0268
620, 13.2811, 54.8557, 29.2605, 44.4826, 37.8026, 35.0268
621, 13.2811, 54.8557, 29.2605, 44.4826, 37.8026, 35.0268
622, 13.2811, 54.8557, 29.2605, 44.4826, 37.8026, 35.0268
623, 13.2811, 54.8557, 29.2605, 44.4826, 37.8026, 35.0268
624, 13.2811, 54.8557, 29.2605, 44.4826, 37.8026, 35.0268
625, 13.2811, 54.8557, 29.2605, 44.4826, 37.8026, 35.0268
626, 13.2811, 54.8557, 29.2605, 44.4826, 37.8026, 35.0268
627, 13.2811, 54.8557, 29.2605, 44.4826, 37.8026, 35.0268
628, 13.2811, 54.8557, 29.2605, 44.4826, 37.8026, 35.0268
629, 13.2811, 54.8557, 29.2605, 44.4826, 37.8026, 35.0268
630, 13.2811, 54.8557, 29.2605, 44.4826, 37.8026, 35.0268
631, 13.2811, 54.8557, 29.0441, 44.772, 37.8026, 35.0268
632, 13.2811, 54.8557, 29.0441, 44.772, 37.8026, 35.0268
633, 13.2811, 54.8557, 28.8253, 45.0715, 37.8026, 35.0268
634, 13.2811, 54.8557, 28.8253, 45.0715, 37.8026, 35.0268
635, 13.2811, 54.8557, 28.5953, 45.3858, 37.8026, 35.0268
636, 13.2811, 54.8557, 28.3771, 45.6473, 37.8026, 35.0268
637, 13.2811, 54.8557, 28.3771, 45.6473, 37.8026, 35.0268
638, 13.2811, 54.8557, 28.1465, 45.9267, 37.8026, 35.0268
639, 13.2811, 54.8557, 28.1465, 45.9267, 37.8026, 35.0268
640, 13.2811, 54.8557, 27.9049, 46.2078, 37.8026, 35.0268
641, 13.2811, 54.8557, 27.6758, 46.4678, 37.8026, 35.0268
642, 13.2811, 54.8557, 27.6758, 46.4678, 37.8026, 35.0268
643, 13.2811, 54.8557, 27.4559, 46.7139, 37.8026, 35.0268
644, 13.2811, 54.8557, 27.2235, 46.9581, 37.8026, 35.0268
645, 13.2811, 54.8557, 26.9929, 47.1993, 37.8026, 35.0268
646, 13.2811, 54.8557, 26.9929, 47.1993, 37.8026, 35.0268
647, 13.2811, 54.8557, 26.7684, 47.4537, 37.8026, 35.0268
648, 13.2811, 54.8557, 26.5423, 47.7096, 37.8026, 35.0268
649, 13.2811, 54.8557, 26.5423, 47.7096, 37.8026, 35.0268
650, 13.2811, 54.8557, 26.3136, 47.9604, 37.8026, 35.0268
651, 13.2811, 54.8557, 26.082, 48.1994, 37.8026, 35.0268
652, 13.2811, 54.8557, 26.082, 48.1994, 37.8026, 35.0268
653, 13.2811, 54.8557, 25.8511, 48.4425, 37.8026, 35.0268
654, 13.2811, 54.8557, 25.6197, 48.6752, 37.8026, 35.0268
655, 13.2811, 54.8557, 25.6197, 48.6752, 37.8026, 35.0268
656, 13.2811, 54.8557, 25.3787, 48.897, 37.8026, 35.0268
657, 13.2811, 54.8557, 25.1303, 49.1328, 37.8026, 35.0268
658, 13.2811, 54.8557, 25.1303, 49.1328, 37.8026, 35.0268
659, 13.2811, 54.8557, 24.8981, 49.3508, 37.8026, 35.0268
660, 13.2811, 54.8557, 24.6583, 49.5718, 37.8026, 35.0268
661, 13.2811, 54.8557, 24.4097, 49.7597, 37.8026, 35.0268
662, 13.2811, 54.8557, 24.1367, 49.924, 37.8026, 35.0268
663, 13.2811, 54.8557, 23.8856, 50.0094, 37.8026, 35.0268
664, 13.2811, 54.8557, 23.6748, 50.0411, 37.8026, 35.0268
665, 13.2811, 54.8557, 23.4134, 50.009, 37.8026, 35.0268
666, 13.2811, 54.8557, 23.4134, 50.009, 37.8026, 35.0268
667, 13.2811, 54.8557, 23.1236, 49.9048, 37.8026, 35.0268
668, 13.2811, 54.8557, 22.8185, 49.7237, 37.8026, 35.0268
669, 13.2811, 54.8557, 22.8185, 49.7237, 37.8026, 35.0268
670, 13.2811, 54.8557, 22.5414, 49.5452, 37.8026, 35.0268
671, 13.2811, 54.8557, 22.2549, 49.3576, 37.8026, 35.0268
672, 13.2811, 54.8557, 22.2549, 49.3576, 37.8026, 35.0268
673, 13.2811, 54.8557, 21.9765, 49.1602, 37.8026, 35.0268
674, 13.2811, 54.8557, 21.6812, 48.918, 37.8026, 35.0268
675, 13.2811, 54.8557, 21.6812, 48.918, 37.8026, 35.0268
676, 13.2811, 54.8557, 21.4199, 48.6975, 37.8026, 35.0268
677, 13.2811, 54.8557, 21.4199, 48.6975, 37.8026, 35.0268
678, 13.2811, 54.8557, 21.1545, 48.4718, 37.8026, 35.0268
679, 13.2811, 54.8557, 20.8752, 48.2353, 37.8026, 35.0268
680, 13.2811, 54.8557, 20.8752, 48.2353, 37.8026, 35.0268
681, 13.2811, 54.8557, 20.6646, 48.0646, 37.8026, 35.0268
682, 13.2811, 54.8557, 20.6481, 48.0666, 37.8026, 35.0268
683, 13.2811, 54.8557, 20.6224, 48.0774, 37.8026, 35.0268
684, 13.2811, 54.8557, 20.5768, 48.0657, 37.8026, 35.0268
685, 13.2811, 54.8557, 20.5768, 48.0657, 37.8026, 35.0268
686, 13.2811, 54.8557, 20.5768, 48.0657, 37.8026, 35.0268
687, 13.2811, 54.8557, 20.5768, 48.0657, 37.8026, 35.0268
688, 13.2811, 54.8557, 20.5768, 48.0657, 37.8026, 35.0268
689, 13.2811, 54.8557, 20.5768, 48.0657, 37.8026, 35.0268
690, 13.2811, 54.8557, 20.5768, 48.0657, 37.8026, 35.0268
691, 13.2811, 54.8557, 20.5768, 48.0657, 37.8026, 35.0268
692, 13.2811, 54.8557, 20.5768, 48.0657, 37.8026, 35.0268
693, 13.2811, 54.8557, 20.5768, 48.0657, 37.8026, 35.0268
694, 13.2811, 54.8557, 20.5768, 48.0657, 37.8026, 35.0268
695, 13.2811, 54.8557, 20.5768, 48.0657, 37.8026, 35.0268
696, 13.2811, 54.8557, 20.5768, 48.0657, 37.8026, 35.0268
697, 13.2811, 54.8557, 20.5768, 48.0657, 37.8026, 35.0268
698, 13.2811, 54.8557, 20.5768, 48.0657, 37.8026, 35.0268
699, 13.2811, 54.8557, 20.5768, 48.0657, 37.8026, 35.0268
700, 13.2811, 54.8557, 20.5768, 48.0657, 37.8026, 35.0268
701, 13.2811, 54.8557, 20.5768, 48.0657, 37.8026, 35.0268
702, 13.2811, 54.8557, 20.5768, 48.0657, 37.8026, 35.0268
703, 13.2811, 54.8557, 20.5768, 48.0657, 37.8026, 35.0268
704, 13.2811, 54.8557, 20.5768, 48.0657, 37.8026, 35.0268
705, 13.2811, 54.8557, 20.5768, 48.0657, 37.8026, 35.0268
706, 13.2811, 54.8557, 20.5768, 48.0657, 37.8026, 35.0268
707, 13.2811, 54.8557, 20.5768, 48.0657, 37.8026, 35.0268
708, 13.2811, 54.8557, 20.5768, 48.0657, 37.8026, 35.0268
709, 13.2811, 54.8557, 20.5768, 48.0657, 37.8026, 35.0268
710, 13.2811, 54.8557, 20.5768, 48.0657, 37.8026, 35.0268
711, 13.2811, 54.8557, 20.5768, 48.0657, 37.8026, 35.0268
712, 13.2811, 54.8557, 20.5768, 48.0657, 37.8026, 35.0268
713, 13.2811, 54.8557, 20.5768, 48.0657, 37.8026, 35.0268
714, 13.2811, 54.8557, 20.5768, 48.0657, 37.8026, 35.0268
715, 13.2811, 54.8557, 20.5768, 48.0657, 37.8026, 35.0268
716, 13.2811, 54.8557, 20.5768, 48.0657, 37.8026, 35.0268
717, 13.2811, 54.8557, 20.5768, 48.0657, 37.8026, 35.0268
718, 13.2811, 54.8557, 20.5768, 48.0657, 37.8026, 35.0268
719, 13.2811, 54.8557, 20.5768, 48.0657, 37.8026, 35.0268
720, 13.2811, 54.8557, 20.5768, 48.0657, 37.8026, 35.0268
721, 13.2811, 54.8557, 20.5768, 48.0657, 37.8026, 35.0268
722, 13.2811, 54.8557, 20.5768, 48.0657, 37.8026, 35.0268
723, 13.2811, 54.8557, 20.5768, 48.0657, 37.8026, 35.0268
724, 13.2811, 54.8557, 20.5768, 48.0657, 37.8026, 35.0268
725, 13.2811, 54.8557, 20.5768, 48.0657, 37.8026, 35.0268
726, 13.2811, 54.8557, 20.5768, 48.0657, 37.8026, 35.0268
727, 13.2811, 54.8557, 20.5768, 48.0657, 37.8026, 35.0268
728, 13.2811, 54.8557, 20.5768, 48.0657, 37.8026, 35.0268
729, 13.2811, 54.8557, 20.5768, 48.0657, 37.8026, 35.0268
730, 13.2811, 54.8557, 20.5768, 48.0657, 37.8026, 35.0268
731, 13.2811, 54.8557, 20.5768, 48.0657, 37.8026, 35.0268
732, 13.2811, 54.8557, 20.5768, 48.0657, 37.8026, 35.0268
733, 13.2811, 54.8557, 20.5768, 48.0657, 37.8026, 35.0268
734, 13.2811, 54.8557, 20.5768, 48.0657, 37.8026, 35.0268
735, 13.2811, 54.8557, 20.5768, 48.0657, 37.8026, 35.0268
736, 13.2811, 54.8557, 20.5768, 48.0657, 37.8026, 35.0268
737, 13.2811, 54.8557, 20.5768, 48.0657, 37.8026, 35.0268
738, 13.2811, 54.8557, 20.5768, 48.0657, 37.8026, 35.0268
739, 13.2811, 54.8557, 20.5768, 48.0657, 37.8026, 35.0268
740, 13.2811, 54.8557, 20.5768, 48.0657, 37.8026, 35.0268
741, 13.2811, 54.8557, 20.5768, 48.0657, 37.8026, 35.0268
742, 13.2811, 54.8557, 20.5768, 48.0657, 37.8026, 35.0268
743, 13.2811, 54.8557, 20.5768, 48.0657, 37.8026, 35.0268
744, 13.2811, 54.8557, 20.5768, 48.0657, 37.8026, 35.0268
745, 13.2811, 54.8557, 20.5768, 48.0657, 37.8026, 35.0268
746, 13.2811, 54.8557, 20.5768, 48.0657, 37.8026, 35.0268
747, 13.2811, 54.8557, 20.5768, 48.0657, 37.8026, 35.0268
748, 13.2811, 54.8557, 20.5768, 48.0657, 37.8026, 35.0268
749, 13.2811, 54.8557, 20.5768, 48.0657, 37.8026, 35.0268
750, 13.2811, 54.8557, 20.5768, 48.0657, 37.8026, 35.0268
751, 13.2811, 54.8557, 20.5768, 48.0657, 37.8026, 35.0268
752, 13.2811, 54.8557, 20.5768, 48.0657, 37.8026, 35.0268
753, 13.2811, 54.8557, 20.5768, 48.0657, 37.8026, 35.0268
754, 13.2811, 54.8557, 20.5768, 48.0657, 37.8026, 35.0268
755, 13.2811, 54.8557, 20.5768, 48.0657, 37.8026, 35.0268
756, 13.2811, 54.8557, 20.5768, 48.0657, 37.8026, 35.0268
757, 13.2811, 54.8557, 20.5768, 48.0657, 37.8026, 35.0268
758, 13.2811, 54.8557, 20.5768, 48.0657, 37.8026, 35.0268
759, 13.2811, 54.8557, 20.5768, 48.0657, 37.8026, 35.0268
760, 13.2811, 54.8557, 20.5768, 48.0657, 37.8026, 35.0268
761, 13.2811, 54.8557, 20.5768, 48.0657, 37.8026, 35.0268
762, 13.2811, 54.8557, 20.5768, 48.0657, 37.8026, 35.0268
763, 13.2811, 54.8557, 20.5768, 48.0657, 37.8026, 35.0268
764, 13.2811, 54.8557, 20.5768, 48.0657, 37.8026, 35.0268
765, 13.2811, 54.8557, 20.5768, 48.0657, 37.8026, 35.0268
766, 13.2811, 54.8557, 20.5768, 48.0657, 37.8026, 35.0268
767, 13.2811, 54.8557, 20.5768, 48.0657, 37.8026, 35.0268
768, 13.2811, 54.8557, 20.5768, 48.0657, 37.8026, 35.0268
769, 13.2811, 54.8557, 20.5768, 48.0657, 37.8026, 35.0268
770, 13.2811, 54.8557, 20.5768, 48.0657, 37.8026, 35.0268
771, 13.2811, 54.8557, 20.5768, 48.0657, 37.8026, 35.0268
772, 13.2811, 54.8557, 20.5768, 48.0657, 37.8026, 35.0268
773, 13.2811, 54.8557, 20.5768, 48.0657, 37.8026, 35.0268
774, 13.2811, 54.8557, 20.5768, 48.0657, 37.8026, 35.0268
775, 13.2811, 54.8557, 20.5768, 48.0657, 37.8026, 35.0268
776, 13.2811, 54.8557, 20.5768, 48.0657, 37.8026, 35.0268
777, 13.2811, 54.8557, 20.5768, 48.0657, 37.8026, 35.0268
778, 13.2811, 54.8557, 20.5768, 48.0657, 37.8026, 35.0268
779, 13.2811, 54.8557, 20.5768, 48.0657, 37.8026, 35.0268
780, 13.2811, 54.8557, 20.5768, 48.0657, 37.8026, 35.0268
781, 13.2811, 54.8557, 20.5768, 48.0657, 37.8026, 35.0268
782, 13.2811, 54.8557, 20.5768, 48.0657, 37.8026, 35.0268
783, 13.2811, 54.8557, 20.5768, 48.0657, 37.8026, 35.0268
784, 13.2811, 54.8557, 20.5768, 48.0657, 37.8026, 35.0268
785, 13.2811, 54.8557, 20.5768, 48.0657, 37.8026, 35.0268
786, 13.2811, 54.8557, 20.5768, 48.0657, 37.8026, 35.0268
787, 13.2811, 54.8557, 20.5768, 48.0657, 37.8026, 35.0268
788, 13.2811, 54.8557, 20.5768, 48.0657, 37.8026, 35.0268
789, 13.2811, 54.8557, 20.5768, 48.0657, 37.8026, 35.0268
790, 13.2811, 54.8557, 20.5768, 48.0657, 37.8026, 35.0268
791, 13.2811, 54.8557, 20.5768, 48.0657, 37.8026, 35.0268
792, 13.2811, 54.8557, 20.5768, 48.0657, 37.8026, 35.0268
793, 13.2811, 54.8557, 20.5768, 48.0657, 37.8026, 35.0268
794, 13.2811, 54.8557, 20.5768, 48.0657, 37.8026, 35.0268
795, 13.2811, 54.8557, 20.5768, 48.0657, 37.8026, 35.0268
796, 13.2811, 54.8557, 20.5768, 48.0657, 37.8026, 35.0268
797, 13.2811, 54.8557, 20.5768, 48.0657, 37.8026, 35.0268
798, 13.2811, 54.8557, 20.5768, 48.0657, 37.8026, 35.0268
799, 13.2811, 54.8557, 20.5768, 48.0657, 37.8026, 35.0268
800, 13.2811, 54.8557, 20.5768, 48.0657, 37.8026, 35.0268
801, 13.2811, 54.8557, 20.5768, 48.0657, 37.8026, 35.0268
802, 13.2811, 54.8557, 20.5768, 48.0657, 37.8026, 35.0268
803, 13.2811, 54.8557, 20.5768, 48.0657, 37.8026, 35.0268
804, 13.2811, 54.8557, 20.5768, 48.0657, 37.8026, 35.0268
805, 13.2811, 54.8557, 20.5768, 48.0657, 37.8026, 35.0268
806, 13.2811, 54.8557, 20.5768, 48.0657, 37.8026, 35.0268
807, 13.2811, 54.8557, 20.5768, 48.0657, 37.8026, 35.0268
808, 13.2811, 54.8557, 20.5768, 48.0657, 37.8026, 35.0268
809, 13.2811, 54.8557, 20.5768, 48.0657, 37.8026, 35.0268
810, 13.2811, 54.8557, 20.5768, 48.0657, 37.8026, 35.0268
811, 13.2811, 54.8557, 20.5768, 48.0657, 37.8026, 35.0268
812, 13.2811, 54.8557, 20.5768, 48.0657, 37.8026, 35.0268
813, 13.2811, 54.8557, 20.5768, 48.0657, 37.8026, 35.0268
814, 13.2811, 54.8557, 20.5768, 48.0657, 37.8026, 35.0268
815, 13.2811, 54.8557, 20.5768, 48.0657, 37.8026, 35.0268
816, 13.2811, 54.8557, 20.5768, 48.0657, 37.8026, 35.0268
817, 13.2811, 54.8557, 20.5768, 48.0657, 37.8026, 35.0268
818, 13.2811, 54.8557, 20.5768, 48.0657, 37.8026, 35.0268
819, 13.2811, 54.8557, 20.5768, 48.0657, 37.8026, 35.0268
820, 13.2811, 54.8557, 20.5768, 48.0657, 37.8026, 35.0268
821, 13.2811, 54.8557, 20.5768, 48.0657, 37.8026, 35.0268
822, 13.2811, 54.8557, 20.5768, 48.0657, 37.8026, 35.0268
823, 13.2811, 54.8557, 20.5768, 48.0657, 37.8026, 35.0268
824, 13.2811, 54.8557, 20.5768, 48.0657, 37.8026, 35.0268
825, 13.2811, 54.8557, 20.5768, 48.0657, 37.8026, 35.0268
826, 13.2811, 54.8557, 20.5768, 48.0657, 37.8026, 35.0268
827, 13.2811, 54.8557, 20.5768, 48.0657, 37.8026, 35.0268
828, 13.2811, 54.8557, 20.5768, 48.0657, 37.8026, 35.0268
829, 13.2811, 54.8557, 20.5768, 48.0657, 37.8026, 35.0268
830, 13.2811, 54.8557, 20.5768, 48.0657, 37.8026, 35.0268
831, 13.2811, 54.8557, 20.5768, 48.0657, 37.8026, 35.0268
832, 13.2811, 54.8557, 20.5768, 48.0657, 37.8026, 35.0268
833, 13.2811, 54.8557, 20.5768, 48.0657, 37.8026, 35.0268
834, 13.2811, 54.8557, 20.5768, 48.0657, 37.8026, 35.0268
835, 13.2811, 54.8557, 20.5768, 48.0657, 37.8026, 35.0268
836, 13.2811, 54.8557, 20.5768, 48.0657, 37.8026, 35.0268
837, 13.2811, 54.8557, 20.5768, 48.0657, 37.8026, 35.0268
838, 13.2811, 54.8557, 20.5768, 48.0657, 37.8026, 35.0268
839, 13.2811, 54.8557, 20.5768, 48.0657, 37.8026, 35.0268
840, 13.2811, 54.8557, 20.5768, 48.0657, 37.8026, 35.0268
841, 13.2811, 54.8557, 20.5768, 48.0657, 37.8026, 35.0268
842, 13.2811, 54.8557, 20.5768, 48.0657, 37.8026, 35.0268
843, 13.2811, 54.8557, 20.5768, 48.0657, 37.8026, 35.0268
844, 13.2811, 54.8557, 20.5768, 48.0657, 37.8026, 35.0268
845, 13.2811, 54.8557, 20.5768, 48.0657, 37.8026, 35.0268
846, 13.2811, 54.8557, 20.5768, 48.0657, 37.8026, 35.0268
847, 13.2811, 54.8557, 20.5768, 48.0657, 37.8026, 35.0268
848, 13.2811, 54.8557, 20.5768, 48.0657, 37.8026, 35.0268
849, 13.2811, 54.8557, 20.5768, 48.0657, 37.8026, 35.0268
850, 13.2811, 54.8557, 20.5768, 48.0657, 37.8026, 35.0268
851, 13.2811, 54.8557, 20.5768, 48.0657, 37.8026, 35.0268
852, 13.2811, 54.8557, 20.5768, 48.0657, 37.8026, 35.0268
853, 13.2811, 54.8557, 20.5768, 48.0657, 37.8026, 35.0268
854, 13.2811, 54.8557, 20.5768, 48.0657, 37.8026, 35.0268
855, 13.2811, 54.8557, 20.5768, 48.0657, 37.8026, 35.0268
856, 13.2811, 54.8557, 20.5768, 48.0657, 37.8026, 35.0268
857, 13.2811, 54.8557, 20.5768, 48.0657, 37.8026, 35.0268
858, 13.2811, 54.8557, 20.5768, 48.0657, 37.8026, 35.0268
859, 13.2811, 54.8557, 20.5768, 48.0657, 37.8026, 35.0268
860, 13.2811, 54.8557, 20.5768, 48.0657, 37.8026, 35.0268
861, 13.2811, 54.8557, 20.5768, 48.0657, 37.8026, 35.0268
862, 13.2811, 54.8557, 20.5768, 48.0657, 37.8026, 35.0268
863, 13.2811, 54.8557, 20.5768, 48.0657, 37.8026, 35.0268
864, 13.2811, 54.8557, 20.5768, 48.0657, 37.8026, 35.0268
865, 13.2811, 54.8557, 20.5768, 48.0657, 37.8026, 35.0268
866, 13.2811, 54.8557, 20.5768, 48.0657, 37.8026, 35.0268
867, 13.2811, 54.8557, 20.5768, 48.0657, 37.8026, 35.0268
868, 13.2811, 54.8557, 20.5768, 48.0657, 37.8026, 35.0268
869, 13.2811, 54.8557, 20.5768, 48.0657, 37.8026, 35.0268
870, 13.2811, 54.8557, 20.5768, 48.0657, 37.8026, 35.0268
871, 13.2811, 54.8557, 20.5768, 48.0657, 37.8026, 35.0268
872, 13.2811, 54.8557, 20.5768, 48.0657, 37.8026, 35.0268
873, 13.2811, 54.8557, 20.5768, 48.0657, 37.8026, 35.0268
874, 13.2811, 54.8557, 20.5768, 48.0657, 37.8026, 35.0268
875, 13.2811, 54.8557, 20.5768, 48.0657, 37.8026, 35.0268
876, 13.2811, 54.8557, 20.5768, 48.0657, 37.8026, 35.0268
877, 13.2811, 54.8557, 20.5768, 48.0657, 37.8026, 35.0268
878, 13.2811, 54.8557, 20.5768, 48.0657, 37.8026, 35.0268
879, 13.2811, 54.8557, 20.5768, 48.0657, 37.799, 35.0272
880, 13.2811, 54.8557, 20.5768, 48.0657, 37.7996, 35.0311
881, 13.2811, 54.8557, 20.5768, 48.0657, 37.7996, 35.0311
882, 13.2811, 54.8557, 20.5768, 48.0657, 37.7994, 35.0443
883, 13.2811, 54.8557, 20.5768, 48.0657, 37.8008, 35.0463
884, 13.2811, 54.8557, 20.5768, 48.0657, 37.8012, 35.0478
885, 13.2811, 54.8557, 20.5768, 48.0657, 37.8161, 35.0375
886, 13.2811, 54.8557, 20.5768, 48.0657, 37.8298, 35.0236
887, 13.2811, 54.8557, 20.5768, 48.0657, 37.8309, 35.0198
888, 13.2811, 54.8557, 20.5768, 48.0657, 37.8333, 35.0188
889, 13.2811, 54.8557, 20.5768, 48.0657, 37.8333, 35.0188
890, 13.2811, 54.8557, 20.5768, 48.0657, 37.7154, 35.1759
891, 13.2811, 54.8557, 20.5768, 48.0657, 37.7154, 35.1759
892, 13.2811, 54.8557, 20.5768, 48.0657, 37.7154, 35.1759
893, 13.2811, 54.8557, 20.5768, 48.0657, 37.5559, 35.3229
894, 13.2811, 54.8557, 20.5768, 48.0657, 37.5028, 35.3357
895, 13.2811, 54.8557, 20.5768, 48.0657, 37.4092, 35.3076
896, 13.2811, 54.8557, 20.5768, 48.0657, 37.3806, 35.2807
897, 13.2811, 54.8557, 20.5768, 48.0657, 37.3726, 35.2643
898, 13.2811, 54.8557, 20.5768, 48.0657, 37.3726, 35.2643
899, 13.2811, 54.8557, 20.5768, 48.0657, 37.3726, 35.2643
900, 13.2811, 54.8557, 20.5768, 48.0657, 37.3511, 35.2316
901, 13.2811, 54.8557, 20.5768, 48.0657, 37.3511, 35.2316
902, 13.2811, 54.8557, 20.5768, 48.0657, 37.3524, 35.2263
903, 13.2811, 54.8557, 20.5768, 48.0657, 37.3503, 35.2326
904, 13.2811, 54.8557, 20.5768, 48.0657, 37.36, 35.2294
905, 13.2811, 54.8557, 20.5768, 48.0657, 37.36, 35.2294
906, 13.2811, 54.8557, 20.5768, 48.0657, 37.3641, 35.2228
907, 13.2811, 54.8557, 20.5768, 48.0657, 37.3682, 35.2196
908, 13.2811, 54.8557, 20.5768, 48.0657, 37.3716, 35.2171
909, 13.2811, 54.8557, 20.5768, 48.0657, 37.3807, 35.2077
910, 13.2811, 54.8557, 20.5768, 48.0657, 37.3739, 35.21
911, 13.2811, 54.8557, 20.5768, 48.0657, 37.3739, 35.21
912, 13.2811, 54.8557, 20.5768, 48.0657, 37.372, 35.2065
913, 13.2811, 54.8557, 20.5768, 48.0657, 37.372, 35.2065
914, 13.2811, 54.8557, 20.5768, 48.0657, 37.372, 35.2065
915, 13.2811, 54.8557, 20.5768, 48.0657, 37.372, 35.2065
916, 13.2811, 54.8557, 20.5768, 48.0657, 37.372, 35.2065
917, 13.2811, 54.8557, 20.5768, 48.0657, 37.372, 35.2065
918, 13.2811, 54.8557, 20.5768, 48.0657, 37.372, 35.2065
919, 13.2811, 54.8557, 20.5768, 48.0657, 37.372, 35.2065
920, 13.2811, 54.8557, 20.5768, 48.0657, 37.372, 35.2065
921, 13.2811, 54.8557, 20.5768, 48.0657, 37.372, 35.2065
922, 13.2811, 54.8557, 20.5768, 48.0657, 37.372, 35.2065
923, 13.2811, 54.8557, 20.5768, 48.0657, 37.372, 35.2065
924, 13.2811, 54.8557, 20.5768, 48.0657, 37.3773, 35.1773
925, 13.2811, 54.8557, 20.5768, 48.0657, 37.3822, 35.173
926, 13.2811, 54.8557, 20.5768, 48.0657, 37.3863, 35.1715
927, 13.2811, 54.8557, 20.5768, 48.0657, 37.3863, 35.1715
928, 13.2811, 54.8557, 20.5768, 48.0657, 37.389, 35.1697
929, 13.2811, 54.8557, 20.5768, 48.0657, 37.3939, 35.1664
930, 13.2811, 54.8557, 20.5768, 48.0657, 37.3939, 35.1664
931, 13.2811, 54.8557, 20.5768, 48.0657, 37.3882, 35.1785
932, 13.2811, 54.8557, 20.5768, 48.0657, 37.3894, 35.1774
933, 13.2811, 54.8557, 20.5768, 48.0657, 37.3765, 35.2098
934, 13.2811, 54.8557, 20.5768, 48.0657, 37.3765, 35.2098
935, 13.2811, 54.8557, 20.5768, 48.0657, 37.3765, 35.2098
936, 13.2811, 54.8557, 20.5768, 48.0657, 37.3765, 35.2098
937, 13.2811, 54.8557, 20.5768, 48.0657, 37.1119, 35.2352
938, 13.2811, 54.8557, 20.5768, 48.0657, 37.1119, 35.2352
939, 13.2811, 54.8557, 20.5768, 48.0657, 37.1119, 35.2352
940, 13.2811, 54.8557, 20.5768, 48.0657, 37.0851, 35.2168
941, 13.2811, 54.8557, 20.5768, 48.0657, 37.0791, 35.2158
942, 13.2811, 54.8557, 20.5768, 48.0657, 37.0791, 35.2158
943, 13.2811, 54.8557, 20.5768, 48.0657, 37.0761, 35.2118
944, 13.2811, 54.8557, 20.5768, 48.0657, 37.0761, 35.2118
945, 13.2811, 54.8557, 20.5768, 48.0657, 37.0761, 35.2118
946, 13.2811, 54.8557, 20.5768, 48.0657, 37.0761, 35.2118
947, 13.2811, 54.8557, 20.5768, 48.0657, 37.0761, 35.2118
948, 13.2811, 54.8557, 20.5768, 48.0657, 37.0761, 35.2118
949, 13.2811, 54.8557, 20.5768, 48.0657, 37.0761, 35.2118
950, 13.2811, 54.8557, 20.5768, 48.0657, 37.0761, 35.2118
951, 13.2811, 54.8557, 20.5768, 48.0657, 37.0761, 35.2118
952, 13.2811, 54.8557, 20.5768, 48.0657, 37.0761, 35.2118
953, 13.2811, 54.8557, 20.5768, 48.0657, 37.0761, 35.2118
954, 13.2811, 54.8557, 20.5768, 48.0657, 37.0761, 35.2118
955, 13.2811, 54.8557, 20.5768, 48.0657, 37.0761, 35.2118
956, 13.2811, 54.8557, 20.5768, 48.0657, 37.0761, 35.2118
957, 13.2811, 54.8557, 20.5768, 48.0657, 37.0761, 35.2118
958, 13.2811, 54.8557, 20.5768, 48.0657, 37.0761, 35.2118
959, 13.2811, 54.8557, 20.5768, 48.0657, 37.0761, 35.2118
960, 13.2811, 54.8557, 20.5768, 48.0657, 37.0761, 35.2118
961, 13.2811, 54.8557, 20.5768, 48.0657, 37.0761, 35.2118
962, 13.2811, 54.8557, 20.5768, 48.0657, 37.0761, 35.2118
963, 13.2811, 54.8557, 20.5768, 48.0657, 37.0761, 35.2118
964, 13.2811, 54.8557, 20.5768, 48.0657, 37.0761, 35.2118
965, 13.2811, 54.8557, 20.5768, 48.0657, 37.0761, 35.2118
966, 13.2811, 54.8557, 20.5768, 48.0657, 37.0761, 35.2118
967, 13.2811, 54.8557, 20.5768, 48.0657, 37.0761, 35.2118
968, 13.2811, 54.8557, 20.5768, 48.0657, 37.0761, 35.2118
969, 13.2811, 54.8557, 20.5768, 48.0657, 37.0761, 35.2118
970, 13.2811, 54.8557, 20.5768, 48.0657, 37.0761, 35.2118
971, 13.2811, 54.8557, 20.5768, 48.0657, 37.0761, 35.2118
972, 13.2811, 54.8557, 20.5768, 48.0657, 37.0761, 35.2118
973, 13.2811, 54.8557, 20.5768, 48.0657, 37.0761, 35.2118
974, 13.2811, 54.8557, 20.5768, 48.0657, 37.0761, 35.2118
975, 13.2811, 54.8557, 20.5768, 48.0657, 37.0761, 35.2118
976, 13.2811, 54.8557, 20.5768, 48.0657, 37.0761, 35.2118
977, 13.2811, 54.8557, 20.5768, 48.0657, 37.0761, 35.2118
978, 13.2811, 54.8557, 20.5768, 48.0657, 37.0761, 35.2118
979, 13.2811, 54.8557, 20.5768, 48.0657, 37.0761, 35.2118
980, 13.2811, 54.8557, 20.5768, 48.0657, 37.0761, 35.2118
981, 13.2811, 54.8557, 20.5768, 48.0657, 37.0761, 35.2118
982, 13.2811, 54.8557, 20.5768, 48.0657, 37.0761, 35.2118
983, 13.2811, 54.8557, 20.5768, 48.0657, 37.0761, 35.2118
984, 13.2811, 54.8557, 20.5768, 48.0657, 37.0761, 35.2118
985, 13.2811, 54.8557, 20.5768, 48.0657, 37.0761, 35.2118
986, 13.2811, 54.8557, 20.5768, 48.0657, 37.0761, 35.2118
987, 13.2811, 54.8557, 20.5768, 48.0657, 37.0761, 35.2118
988, 13.2811, 54.8557, 20.5768, 48.0657, 37.0761, 35.2118
989, 13.2811, 54.8557, 20.5768, 48.0657, 37.0761, 35.2118
990, 13.2811, 54.8557, 20.5768, 48.0657, 37.0761, 35.2118
991, 13.2811, 54.8557, 20.5768, 48.0657, 37.0761, 35.2118
992, 13.2811, 54.8557, 20.5768, 48.0657, 37.0761, 35.2118
993, 13.2811, 54.8557, 20.5768, 48.0657, 37.0761, 35.2118
994, 13.2811, 54.8557, 20.5768, 48.0657, 37.0761, 35.2118
995, 13.2811, 54.8557, 20.5768, 48.0657, 37.0761, 35.2118
996, 13.2811, 54.8557, 20.5768, 48.0657, 37.0761, 35.2118
997, 13.2811, 54.8557, 20.5768, 48.0657, 37.0761, 35.2118
998, 13.2811, 54.8557, 20.5768, 48.0657, 37.0761, 35.2118
999, 13.2811, 54.8557, 20.5768, 48.0657, 37.0761, 35.2118
1000, 13.2811, 54.8557, 20.5768, 48.0657, 37.0761, 35.2118
1001, 13.2811, 54.8557, 20.5768, 48.0657, 37.0761, 35.2118
1002, 13.2811, 54.8557, 20.5768, 48.0657, 37.0761, 35.2118
1003, 13.2811, 54.8557, 20.5768, 48.0657, 37.0761, 35.2118
1004, 13.2811, 54.8557, 20.5768, 48.0657, 37.0761, 35.2118
1005, 13.2811, 54.8557, 20.5768, 48.0657, 37.0761, 35.2118
1006, 13.2811, 54.8557, 20.5768, 48.0657, 37.0761, 35.2118
1007, 13.2811, 54.8557, 20.5768, 48.0657, 37.0761, 35.2118
1008, 13.2811, 54.8557, 20.5768, 48.0657, 37.0761, 35.2118
1009, 13.2811, 54.8557, 20.5768, 48.0657, 37.0761, 35.2118
1010, 13.2811, 54.8557, 20.5768, 48.0657, 37.0761, 35.2118
1011, 13.2811, 54.8557, 20.5768, 48.0657, 37.0761, 35.2118
1012, 13.2811, 54.8557, 20.5768, 48.0657, 37.0761, 35.2118
1013, 13.2811, 54.8557, 20.5768, 48.0657, 37.0761, 35.2118
1014, 13.2811, 54.8557, 20.5768, 48.0657, 37.0761, 35.2118
1015, 13.2811, 54.8557, 20.5768, 48.0657, 37.0761, 35.2118
1016, 13.2811, 54.8557, 20.5768, 48.0657, 37.0761, 35.2118
1017, 13.2811, 54.8557, 20.5768, 48.0657, 37.0761, 35.2118
1018, 13.2811, 54.8557, 20.5768, 48.0657, 37.0761, 35.2118
1019, 13.2811, 54.8557, 20.5768, 48.0657, 37.0761, 35.2118
1020, 13.2811, 54.8557, 20.5768, 48.0657, 37.0761, 35.2118
1021, 13.2811, 54.8557, 20.5768, 48.0657, 37.0761, 35.2118
1022, 13.2811, 54.8557, 20.5768, 48.0657, 37.0761, 35.2118
1023, 13.2811, 54.8557, 20.5768, 48.0657, 37.0761, 35.2118
1024, 13.2811, 54.8557, 20.5768, 48.0657, 37.0761, 35.2118
1025, 13.2811, 54.8557, 20.5768, 48.0657, 37.0761, 35.2118
1026, 13.2811, 54.8557, 20.5768, 48.0657, 37.0761, 35.2118
1027, 13.2811, 54.8557, 20.5768, 48.0657, 37.0761, 35.2118
1028, 13.2811, 54.8557, 20.5768, 48.0657, 37.0761, 35.2118
1029, 13.2811, 54.8557, 20.5768, 48.0657, 37.0761, 35.2118
1030, 13.2811, 54.8557, 20.5768, 48.0657, 37.0761, 35.2118
1031, 13.2811, 54.8557, 20.5768, 48.0657, 37.0761, 35.2118
1032, 13.2811, 54.8557, 20.5768, 48.0657, 37.0761, 35.2118
1033, 13.2811, 54.8557, 20.5768, 48.0657, 37.0761, 35.2118
1034, 13.2811, 54.8557, 20.5768, 48.0657, 37.0761, 35.2118
1035, 13.2811, 54.8557, 20.5768, 48.0657, 37.0761, 35.2118
1036, 13.2811, 54.8557, 20.5768, 48.0657, 37.0761, 35.2118
1037, 13.2811, 54.8557, 20.5768, 48.0657, 37.0761, 35.2118
1038, 13.2811, 54.8557, 20.5768, 48.0657, 37.0761, 35.2118
1039, 13.2811, 54.8557, 20.5768, 48.0657, 37.0761, 35.2118
1040, 13.2811, 54.8557, 20.5768, 48.0657, 37.0761, 35.2118
1041, 13.2811, 54.8557, 20.5768, 48.0657, 37.0761, 35.2118
1042, 13.2811, 54.8557, 20.5768, 48.0657, 37.0761, 35.2118
1043, 13.2811, 54.8557, 20.5768, 48.0657, 37.0761, 35.2118
1044, 13.2811, 54.8557, 20.5768, 48.0657, 37.0761, 35.2118
1045, 13.2811, 54.8557, 20.5768, 48.0657, 37.0761, 35.2118
1046, 13.2811, 54.8557, 20.5768, 48.0657, 37.0761, 35.2118
1047, 13.2811, 54.8557, 20.5768, 48.0657, 37.0761, 35.2118
1048, 13.2811, 54.8557, 20.5768, 48.0657, 37.0761, 35.2118
1049, 13.2811, 54.8557, 20.5768, 48.0657, 37.0761, 35.2118
1050, 13.2811, 54.8557, 20.5768, 48.0657, 37.0761, 35.2118
1051, 13.2811, 54.8557, 20.5768, 48.0657, 37.0761, 35.2118
1052, 13.2811, 54.8557, 20.5768, 48.0657, 37.0761, 35.2118
1053, 13.2811, 54.8557, 20.5768, 48.0657, 37.0761, 35.2118
1054, 13.2811, 54.8557, 20.5768, 48.0657, 37.0761, 35.2118
1055, 13.2811, 54.8557, 20.5768, 48.0657, 37.0761, 35.2118
1056, 13.2811, 54.8557, 20.5768, 48.0657, 37.0761, 35.2118
1057, 13.2811, 54.8557, 20.5768, 48.0657, 37.0761, 35.2118
1058, 13.2811, 54.8557, 20.5768, 48.0657, 37.0761, 35.2118
1059, 13.2811, 54.8557, 20.5768, 48.0657, 37.0761, 35.2118
1060, 13.2811, 54.8557, 20.5768, 48.0657, 37.0761, 35.2118
1061, 13.2811, 54.8557, 20.5768, 48.0657, 37.0761, 35.2118
1062, 13.2811, 54.8557, 20.5768, 48.0657, 37.0761, 35.2118
1063, 13.2811, 54.8557, 20.5768, 48.0657, 37.0761, 35.2118
1064, 13.2811, 54.8557, 20.5768, 48.0657, 37.0761, 35.2118
1065, 13.2811, 54.8557, 20.5768, 48.0657, 37.0761, 35.2118
1066, 13.2811, 54.8557, 20.5768, 48.0657, 37.0761, 35.2118
1067, 13.2811, 54.8557, 20.5768, 48.0657, 37.0761, 35.2118
1068, 13.2811, 54.8557, 20.5768, 48.0657, 37.0761, 35.2118
1069, 13.2811, 54.8557, 20.5768, 48.0657, 37.0761, 35.2118
1070, 13.2811, 54.8557, 20.5768, 48.0657, 37.0761, 35.2118
1071, 13.2811, 54.8557, 20.5768, 48.0657, 37.0761, 35.2118
1072, 13.2811, 54.8557, 20.5768, 48.0657, 37.0761, 35.2118
1073, 13.2811, 54.8557, 20.5768, 48.0657, 37.0761, 35.2118
1074, 13.2811, 54.8557, 20.5768, 48.0657, 37.0761, 35.2118
1075, 13.2811, 54.8557, 20.5768, 48.0657, 37.0761, 35.2118
1076, 13.2811, 54.8557, 20.5768, 48.0657, 37.0761, 35.2118
1077, 13.2811, 54.8557, 20.5768, 48.0657, 37.0761, 35.2118
1078, 13.2811, 54.8557, 20.5768, 48.0657, 37.0761, 35.2118
1079, 13.2811, 54.8557, 20.5768, 48.0657, 37.0761, 35.2118
1080, 13.2811, 54.8557, 20.5768, 48.0657, 37.0761, 35.2118
1081, 13.2811, 54.8557, 20.5768, 48.0657, 37.0761, 35.2118
1082, 13.3879, 54.9186, 20.5768, 48.0657, 37.0761, 35.2118
1083, 13.5922, 55.0617, 20.5768, 48.0657, 37.0761, 35.2118
1084, 13.7953, 55.2135, 20.537, 48.0786, 37.0761, 35.2118
1085, 14.0051, 55.3655, 20.5272, 48.0753, 37.0761, 35.2118
1086, 14.2212, 55.5124, 20.5089, 48.0594, 37.0761, 35.2118
1087, 14.2212, 55.5124, 20.3978, 48.0197, 37.0761, 35.2118
1088, 14.4241, 55.6607, 20.2348, 47.9062, 37.0761, 35.2118
1089, 14.6268, 55.8152, 20.2348, 47.9062, 37.0761, 35.2118
1090, 14.8327, 55.9691, 20.0094, 47.6931, 37.0761, 35.2118
1091, 15.0348, 56.1301, 19.7896, 47.4676, 37.0761, 35.2118
1092, 15.2257, 56.294, 19.5567, 47.2313, 37.0761, 35.2118
1093, 15.4129, 56.4686, 19.5567, 47.2313, 37.0761, 35.2118
1094, 15.6068, 56.6407, 19.3351, 46.9879, 37.0761, 35.2118
1095, 15.6068, 56.6407, 19.1246, 46.7284, 37.0761, 35.2118
1096, 15.8073, 56.806, 19.1246, 46.7284, 37.0761, 35.2118
1097, 15.9964, 56.9712, 18.9413, 46.4957, 37.0761, 35.2118
1098, 16.185, 57.14, 18.7592, 46.255, 37.0761, 35.2118
1099, 16.3842, 57.304, 18.5719, 46.0197, 37.0761, 35.2118
1100, 16.5983, 57.4441, 18.5719, 46.0197, 37.0761, 35.2118
1101, 16.8289, 57.5722, 18.3753, 45.7812, 37.0761, 35.2118
1102, 17.0825, 57.6621, 18.1858, 45.5248, 37.0761, 35.2118
1103, 17.325, 57.6983, 18.0071, 45.2792, 37.0761, 35.2118
1104, 17.4735, 57.6829, 17.8486, 45.0082, 37.0761, 35.2118
1105, 17.6305, 57.6358, 17.8486, 45.0082, 37.0761, 35.2118
1106, 17.768, 57.5596, 17.7591, 44.7621, 37.0761, 35.2118
1107, 17.9711, 57.3958, 17.7192, 44.4993, 37.0761, 35.2118
1108, 18.1518, 57.2066, 17.7411, 44.2284, 37.0761, 35.2118
1109, 18.3281, 57.0111, 17.8384, 43.9309, 37.0761, 35.2118
1110, 18.4987, 56.8262, 17.9707, 43.6435, 37.0761, 35.2118
1111, 18.6686, 56.6434, 17.9707, 43.6435, 37.0761, 35.2118
1112, 18.8383, 56.4571, 18.1393, 43.3348, 37.0761, 35.2118
1113, 19.0088, 56.2759, 18.3386, 43.0302, 37.0761, 35.2118
1114, 19.1746, 56.083, 18.3386, 43.0302, 37.0761, 35.2118
1115, 19.338, 55.893, 18.5422, 42.7427, 37.0761, 35.2118
1116, 19.4977, 55.6975, 18.7517, 42.4501, 37.0761, 35.2118
1117, 19.6578, 55.5012, 18.7517, 42.4501, 37.0761, 35.2118
1118, 19.8222, 55.3025, 18.942, 42.1578, 37.0761, 35.2118
1119, 19.8222, 55.3025, 19.1639, 41.8618, 37.0761, 35.2118
1120, 19.9901, 55.1055, 19.1639, 41.8618, 37.0761, 35.2118
1121, 20.1559, 54.9078, 19.4208, 41.549, 37.0761, 35.2118
1122, 20.3231, 54.718, 19.6446, 41.2661, 37.0761, 35.2118
1123, 20.4861, 54.5326, 19.6446, 41.2661, 37.0761, 35.2118
1124, 20.6508, 54.3338, 19.8851, 40.9336, 37.0761, 35.2118
1125, 20.8065, 54.1429, 20.1178, 40.6178, 37.0761, 35.2118
1126, 20.9638, 53.9419, 20.1178, 40.6178, 37.0761, 35.2118
1127, 21.1234, 53.7445, 20.3469, 40.2932, 37.0761, 35.2118
1128, 21.277, 53.5403, 20.5614, 39.9916, 37.0761, 35.2118
1129, 21.4332, 53.3402, 20.5614, 39.9916, 37.0761, 35.2118
1130, 21.5863, 53.1367, 20.7899, 39.7252, 37.0761, 35.2118
1131, 21.7333, 52.9366, 21.0236, 39.4718, 37.0761, 35.2118
1132, 21.8873, 52.7348, 21.0236, 39.4718, 37.0761, 35.2118
1133, 22.0448, 52.5337, 21.2577, 39.2154, 37.0761, 35.2118
1134, 22.1958, 52.3237, 21.4875, 38.9539, 37.0761, 35.2118
1135, 22.1958, 52.3237, 21.4875, 38.9539, 37.0761, 35.2118
1136, 22.323, 52.0916, 21.7067, 38.6967, 37.0761, 35.2118
1137, 22.4089, 51.8434, 21.9411, 38.4235, 37.0761, 35.2118
1138, 22.4095, 51.7976, 21.9411, 38.4235, 37.0761, 35.2118
1139, 22.3873, 51.7867, 22.1654, 38.178, 37.0761, 35.2118
1140, 22.381, 51.7872, 22.1654, 38.178, 37.0761, 35.2118
1141, 22.3713, 51.7871, 22.3953, 37.9569, 37.0761, 35.2118
1142, 22.3544, 51.8002, 22.3953, 37.9569, 37.0761, 35.2118
1143, 22.3544, 51.8002, 22.3953, 37.9569, 37.0761, 35.2118
1144, 22.3544, 51.8002, 22.3953, 37.9569, 37.0761, 35.2118
1145, 22.3544, 51.8002, 22.3953, 37.9569, 37.0761, 35.2118
1146, 22.3544, 51.8002, 22.3953, 37.9569, 37.0761, 35.2118
1147, 22.3544, 51.8002, 22.3953, 37.9569, 37.0761, 35.2118
1148, 22.3544, 51.8002, 22.3953, 37.9569, 37.0761, 35.2118
1149, 22.3544, 51.8002, 22.3953, 37.9569, 37.0761, 35.2118
1150, 22.3544, 51.8002, 22.3953, 37.9569, 37.0761, 35.2118
1151, 22.3544, 51.8002, 22.3953, 37.9569, 37.0761, 35.2118
1152, 22.3544, 51.8002, 22.3953, 37.9569, 37.0761, 35.2118
1153, 22.3544, 51.8002, 22.3953, 37.9569, 37.0761, 35.2118
1154, 22.3544, 51.8002, 22.3953, 37.9569, 37.0761, 35.2118
1155, 22.3544, 51.8002, 22.3953, 37.9569, 37.0761, 35.2118
1156, 22.3544, 51.8002, 22.3953, 37.9569, 37.0761, 35.2118
1157, 22.3544, 51.8002, 22.3953, 37.9569, 37.0761, 35.2118
1158, 22.3544, 51.8002, 22.3953, 37.9569, 37.0761, 35.2118
1159, 22.3544, 51.8002, 22.3953, 37.9569, 37.0761, 35.2118
1160, 22.3544, 51.8002, 22.3953, 37.9569, 37.0761, 35.2118
1161, 22.3544, 51.8002, 22.3953, 37.9569, 37.0761, 35.2118
1162, 22.3544, 51.8002, 22.3953, 37.9569, 37.0761, 35.2118
1163, 22.3544, 51.8002, 22.3953, 37.9569, 37.0761, 35.2118
1164, 22.3544, 51.8002, 22.3953, 37.9569, 37.0761, 35.2118
1165, 22.3544, 51.8002, 22.3953, 37.9569, 37.0761, 35.2118
1166, 22.3544, 51.8002, 22.3953, 37.9569, 37.0761, 35.2118
1167, 22.3544, 51.8002, 22.3953, 37.9569, 37.0761, 35.2118
1168, 22.3544, 51.8002, 22.3953, 37.9569, 37.0761, 35.2118
1169, 22.3544, 51.8002, 22.3953, 37.9569, 37.0761, 35.2118
1170, 22.3544, 51.8002, 22.3953, 37.9569, 37.0761, 35.2118
1171, 22.3544, 51.8002, 22.3953, 37.9569, 37.0761, 35.2118
1172, 22.3544, 51.8002, 22.3953, 37.9569, 37.0761, 35.2118
1173, 22.3544, 51.8002, 22.3953, 37.9569, 37.0761, 35.2118
1174, 22.3544, 51.8002, 22.3953, 37.9569, 37.0761, 35.2118
1175, 22.3544, 51.8002, 22.3953, 37.9569, 37.0761, 35.2118
1176, 22.3544, 51.8002, 22.3953, 37.9569, 37.0761, 35.2118
1177, 22.3544, 51.8002, 22.3953, 37.9569, 37.0761, 35.2118
1178, 22.3544, 51.8002, 22.3953, 37.9569, 37.0761, 35.2118
1179, 22.3544, 51.8002, 22.3953, 37.9569, 37.0761, 35.2118
1180, 22.3544, 51.8002, 22.3953, 37.9569, 37.0761, 35.2118
1181, 22.3544, 51.8002, 22.3953, 37.9569, 37.0761, 35.2118
1182, 22.3544, 51.8002, 22.3953, 37.9569, 37.0761, 35.2118
1183, 22.3544, 51.8002, 22.3953, 37.9569, 37.0761, 35.2118
1184, 22.3544, 51.8002, 22.3953, 37.9569, 37.0761, 35.2118
1185, 22.3544, 51.8002, 22.3953, 37.9569, 37.0761, 35.2118
1186, 22.3544, 51.8002, 22.3953, 37.9569, 37.0761, 35.2118
1187, 22.3544, 51.8002, 22.3953, 37.9569, 37.0761, 35.2118
1188, 22.3544, 51.8002, 22.3953, 37.9569, 37.0761, 35.2118
1189, 22.3544, 51.8002, 22.3953, 37.9569, 37.0761, 35.2118
1190, 22.3544, 51.8002, 22.3953, 37.9569, 37.0761, 35.2118
1191, 22.3544, 51.8002, 22.3953, 37.9569, 37.0761, 35.2118
1192, 22.3544, 51.8002, 22.3953, 37.9569, 37.0761, 35.2118
1193, 22.3544, 51.8002, 22.3953, 37.9569, 37.0761, 35.2118
1194, 22.3544, 51.8002, 22.3953, 37.9569, 37.0761, 35.2118
1195, 22.3544, 51.8002, 22.3953, 37.9569, 37.0761, 35.2118
1196, 22.3544, 51.8002, 22.3953, 37.9569, 37.0761, 35.2118
1197, 22.3544, 51.8002, 22.3953, 37.9569, 37.0761, 35.2118
1198, 22.3544, 51.8002, 22.3953, 37.9569, 37.0761, 35.2118
1199, 22.3544, 51.8002, 22.3953, 37.9569, 37.0761, 35.2118
1200, 22.3544, 51.8002, 22.3953, 37.9569, 37.0761, 35.2118
1201, 22.3544, 51.8002, 22.3953, 37.9569, 37.0761, 35.2118
1202, 22.3544, 51.8002, 22.3953, 37.9569, 37.0761, 35.2118
1203, 22.3544, 51.8002, 22.3953, 37.9569, 37.0761, 35.2118
1204, 22.3544, 51.8002, 22.3953, 37.9569, 37.0761, 35.2118
1205, 22.3544, 51.8002, 22.3953, 37.9569, 37.0761, 35.2118
1206, 22.3544, 51.8002, 22.3953, 37.9569, 37.0761, 35.2118
1207, 22.3544, 51.8002, 22.3953, 37.9569, 37.0761, 35.2118
1208, 22.3544, 51.8002, 22.3953, 37.9569, 37.0761, 35.2118
1209, 22.3544, 51.8002, 22.3953, 37.9569, 37.0761, 35.2118
1210, 22.3544, 51.8002, 22.3953, 37.9569, 37.0761, 35.2118
1211, 22.3544, 51.8002, 22.3953, 37.9569, 37.0761, 35.2118
1212, 22.3544, 51.8002, 22.3953, 37.9569, 37.0761, 35.2118
1213, 22.3544, 51.8002, 22.3953, 37.9569, 37.0761, 35.2118
1214, 22.3544, 51.8002, 22.3953, 37.9569, 37.0761, 35.2118
1215, 22.3544, 51.8002, 22.3953, 37.9569, 37.0761, 35.2118
1216, 22.3544, 51.8002, 22.3953, 37.9569, 37.0761, 35.2118
1217, 22.3544, 51.8002, 22.3953, 37.9569, 37.0761, 35.2118
1218, 22.3544, 51.8002, 22.3953, 37.9569, 37.0761, 35.2118
1219, 22.3544, 51.8002, 22.3953, 37.9569, 37.0761, 35.2118
1220, 22.3544, 51.8002, 22.3953, 37.9569, 37.0761, 35.2118
1221, 22.3544, 51.8002, 22.3953, 37.9569, 37.0761, 35.2118
1222, 22.3544, 51.8002, 22.3953, 37.9569, 37.0761, 35.2118
1223, 22.3544, 51.8002, 22.3953, 37.9569, 37.0761, 35.2118
1224, 22.3544, 51.8002, 22.3953, 37.9569, 37.0761, 35.2118
1225, 22.3544, 51.8002, 22.3953, 37.9569, 37.0761, 35.2118
1226, 22.3544, 51.8002, 22.3953, 37.9569, 37.0761, 35.2118
1227, 22.3544, 51.8002, 22.3953, 37.9569, 37.0761, 35.2118
1228, 22.3544, 51.8002, 22.3953, 37.9569, 37.0761, 35.2118
1229, 22.3544, 51.8002, 22.3953, 37.9569, 37.0761, 35.2118
1230, 22.3544, 51.8002, 22.3953, 37.9569, 37.0761, 35.2118
1231, 22.3544, 51.8002, 22.3953, 37.9569, 37.0761, 35.2118
1232, 22.3544, 51.8002, 22.3953, 37.9569, 37.0761, 35.2118
1233, 22.3544, 51.8002, 22.3953, 37.9569, 37.0761, 35.2118
1234, 22.3544, 51.8002, 22.3953, 37.9569, 37.0761, 35.2118
1235, 22.3544, 51.8002, 22.3953, 37.9569, 37.0761, 35.2118
1236, 22.3544, 51.8002, 22.3953, 37.9569, 37.0761, 35.2118
1237, 22.3544, 51.8002, 22.3953, 37.9569, 37.0761, 35.2118
1238, 22.3544, 51.8002, 22.3953, 37.9569, 37.0761, 35.2118
1239, 22.3544, 51.8002, 22.3953, 37.9569, 37.0761, 35.2118
1240, 22.3544, 51.8002, 22.3953, 37.9569, 37.0761, 35.2118
1241, 22.3544, 51.8002, 22.3953, 37.9569, 37.0761, 35.2118
1242, 22.3544, 51.8002, 22.3953, 37.9569, 37.0761, 35.2118
1243, 22.3544, 51.8002, 22.3953, 37.9569, 37.0761, 35.2118
1244, 22.3544, 51.8002, 22.3953, 37.9569, 37.0761, 35.2118
1245, 22.3544, 51.8002, 22.3953, 37.9569, 37.0761, 35.2118
1246, 22.3544, 51.8002, 22.3953, 37.9569, 37.0761, 35.2118
1247, 22.3544, 51.8002, 22.3953, 37.9569, 37.0761, 35.2118
1248, 22.3544, 51.8002, 22.3953, 37.9569, 37.0761, 35.2118
1249, 22.3544, 51.8002, 22.3953, 37.9569, 37.0761, 35.2118
1250, 22.3544, 51.8002, 22.3953, 37.9569, 37.0761, 35.2118
1251, 22.3544, 51.8002, 22.3953, 37.9569, 37.0761, 35.2118
1252, 22.3544, 51.8002, 22.3953, 37.9569, 37.0761, 35.2118
1253, 22.3544, 51.8002, 22.3953, 37.9569, 37.0761, 35.2118
1254, 22.3544, 51.8002, 22.3953, 37.9569, 37.0761, 35.2118
1255, 22.3544, 51.8002, 22.3953, 37.9569, 37.0761, 35.2118
1256, 22.3544, 51.8002, 22.3953, 37.9569, 37.0761, 35.2118
1257, 22.3544, 51.8002, 22.3953, 37.9569, 37.0761, 35.2118
1258, 22.3544, 51.8002, 22.3953, 37.9569, 37.1208, 35.1475
1259, 22.3544, 51.8002, 22.3953, 37.9569, 37.2093, 35.0676
1260, 22.3544, 51.8002, 22.3953, 37.9569, 37.426, 34.9547
1261, 22.3544, 51.8002, 22.3953, 37.9569, 37.426, 34.9547
1262, 22.3544, 51.8002, 22.3953, 37.9569, 37.7605, 34.8007
1263, 22.3544, 51.8002, 22.3953, 37.9569, 38.0071, 34.6332
1264, 22.3544, 51.8002, 22.3953, 37.9569, 38.0071, 34.6332
1265, 22.3544, 51.8002, 22.3953, 37.9569, 38.0071, 34.6332
1266, 22.3544, 51.8002, 22.3953, 37.9569, 38.2037, 34.442
1267, 22.3544, 51.8002, 22.3953, 37.9569, 38.3772, 34.243
1268, 22.3544, 51.8002, 22.3953, 37.9569, 38.3772, 34.243
1269, 22.3544, 51.8002, 22.3953, 37.9569, 38.5453, 34.0327
1270, 22.3544, 51.8002, 22.3953, 37.9569, 38.6801, 33.7914
1271, 22.3544, 51.8002, 22.3953, 37.9569, 38.6801, 33.7914
1272, 22.3544, 51.8002, 22.3953, 37.9569, 38.8068, 33.5629
1273, 22.3544, 51.8002, 22.3953, 37.9569, 38.9535, 33.3443
1274, 22.3544, 51.8002, 22.3953, 37.9569, 39.1273, 33.1245
1275, 22.3544, 51.8002, 22.3953, 37.9569, 39.3373, 32.9209
1276, 22.3544, 51.8002, 22.3953, 37.9569, 39.5719, 32.7323
1277, 22.3544, 51.8002, 22.3953, 37.9569, 39.5719, 32.7323
1278, 22.3544, 51.8002, 22.3953, 37.9569, 39.7846, 32.532
1279, 22.3544, 51.8002, 22.3953, 37.9569, 39.9514, 32.3187
1280, 22.3544, 51.8002, 22.3953, 37.9569, 39.9514, 32.3187
1281, 22.3544, 51.8002, 22.3953, 37.9569, 40.1032, 32.0952
1282, 22.3544, 51.8002, 22.3953, 37.9569, 40.1032, 32.0952
1283, 22.3544, 51.8002, 22.3953, 37.9569, 40.2574, 31.8777
1284, 22.3544, 51.8002, 22.3953, 37.9569, 40.408, 31.6786
1285, 22.3544, 51.8002, 22.3953, 37.9569, 40.5606, 31.4484
1286, 22.3544, 51.8002, 22.3953, 37.9569, 40.5606, 31.4484
1287, 22.3544, 51.8002, 22.3953, 37.9569, 40.644, 31.0813
1288, 22.3544, 51.8002, 22.3953, 37.9569, 40.644, 31.0813
1289, 22.3544, 51.8002, 22.3953, 37.9569, 40.5203, 30.647
1290, 22.3544, 51.8002, 22.3953, 37.9569, 40.5203, 30.647
1291, 22.3544, 51.8002, 22.3953, 37.9569, 40.5203, 30.647
1292, 22.3544, 51.8002, 22.3953, 37.9569, 40.5203, 30.647
1293, 22.3544, 51.8002, 22.3953, 37.9569, 40.5203, 30.647
1294, 22.3544, 51.8002, 22.3953, 37.9569, 40.5203, 30.647
1295, 22.3544, 51.8002, 22.3953, 37.9569, 40.5203, 30.647
1296, 22.3544, 51.8002, 22.3953, 37.9569, 40.5203, 30.647
1297, 22.3544, 51.8002, 22.3953, 37.9569, 40.5203, 30.647
1298, 22.3544, 51.8002, 22.3953, 37.9569, 40.5203, 30.647
1299, 22.3544, 51.8002, 22.3953, 37.9569, 40.5203, 30.647
1300, 22.3544, 51.8002, 22.3953, 37.9569, 40.5203, 30.647
1301, 22.3544, 51.8002, 22.3953, 37.9569, 40.5203, 30.647
1302, 22.3544, 51.8002, 22.3953, 37.9569, 40.5203, 30.647
1303, 22.3544, 51.8002, 22.3953, 37.9569, 40.5203, 30.647
1304, 22.3544, 51.8002, 22.3953, 37.9569, 40.5203, 30.647
1305, 22.3544, 51.8002, 22.3953, 37.9569, 40.5203, 30.647
1306, 22.3544, 51.8002, 22.3953, 37.9569, 40.5203, 30.647
1307, 22.3544, 51.8002, 22.3953, 37.9569, 40.5203, 30.647
1308, 22.3544, 51.8002, 22.3953, 37.9569, 40.5203, 30.647
1309, 22.3544, 51.8002, 22.3953, 37.9569, 40.5203, 30.647
1310, 22.3544, 51.8002, 22.3953, 37.9569, 40.5203, 30.647
1311, 22.3544, 51.8002, 22.3953, 37.9569, 40.5203, 30.647
1312, 22.3544, 51.8002, 22.3953, 37.9569, 40.5203, 30.647
1313, 22.3544, 51.8002, 22.3953, 37.9569, 40.5203, 30.647
1314, 22.3544, 51.8002, 22.3953, 37.9569, 40.5203, 30.647
1315, 22.3544, 51.8002, 22.3953, 37.9569, 40.5203, 30.647
1316, 22.3544, 51.8002, 22.3953, 37.9569, 40.5203, 30.647
1317, 22.3544, 51.8002, 22.3953, 37.9569, 40.5203, 30.647
1318, 22.3544, 51.8002, 22.3953, 37.9569, 40.5203, 30.647
1319, 22.3544, 51.8002, 22.3953, 37.9569, 40.5203, 30.647
1320, 22.3544, 51.8002, 22.3953, 37.9569, 40.5203, 30.647
1321, 22.3544, 51.8002, 22.3953, 37.9569, 40.5203, 30.647
1322, 22.3544, 51.8002, 22.3953, 37.9569, 40.5203, 30.647
1323, 22.3544, 51.8002, 22.3953, 37.9569, 40.5203, 30.647
1324, 22.3544, 51.8002, 22.3953, 37.9569, 40.5203, 30.647
1325, 22.3544, 51.8002, 22.3953, 37.9569, 40.5203, 30.647
1326, 22.3544, 51.8002, 22.3953, 37.9569, 40.5203, 30.647
1327, 22.3544, 51.8002, 22.3953, 37.9569, 40.5203, 30.647
1328, 22.3544, 51.8002, 22.3953, 37.9569, 40.5203, 30.647
1329, 22.3544, 51.8002, 22.3953, 37.9569, 40.5203, 30.647
1330, 22.3544, 51.8002, 22.3953, 37.9569, 40.5203, 30.647
1331, 22.3544, 51.8002, 22.3953, 37.9569, 40.5203, 30.647
1332, 22.3544, 51.8002, 22.3953, 37.9569, 40.5203, 30.647
1333, 22.3544, 51.8002, 22.3953, 37.9569, 40.5203, 30.647
1334, 22.3544, 51.8002, 22.3953, 37.9569, 40.4015, 30.3474
1335, 22.3544, 51.8002, 22.3953, 37.9569, 40.4015, 30.3474
1336, 22.3544, 51.8002, 22.3953, 37.9569, 40.4015, 30.3474
1337, 22.3544, 51.8002, 22.3953, 37.9569, 40.4015, 30.3474
1338, 22.3544, 51.8002, 22.3953, 37.9569, 40.2846, 30.0145
1339, 22.3544, 51.8002, 22.3953, 37.9569, 40.2846, 30.0145
1340, 22.3544, 51.8002, 22.3953, 37.9569, 40.2846, 30.0145
1341, 22.3544, 51.8002, 22.3953, 37.9569, 40.2846, 30.0145
1342, 22.3544, 51.8002, 22.3953, 37.9569, 40.1618, 29.6843
1343, 22.3544, 51.8002, 22.3953, 37.9569, 40.1618, 29.6843
1344, 22.3544, 51.8002, 22.3953, 37.9569, 40.1618, 29.6843
1345, 22.3544, 51.8002, 22.3953, 37.9569, 40.0002, 29.4655
1346, 22.3544, 51.8002, 22.3953, 37.9569, 40.0002, 29.4655
1347, 22.3544, 51.8002, 22.3953, 37.9569, 40.0002, 29.4655
1348, 22.3544, 51.8002, 22.3953, 37.9569, 39.8347, 29.2407
1349, 22.3544, 51.8002, 22.3953, 37.9569, 39.8347, 29.2407
1350, 22.3544, 51.8002, 22.3953, 37.9569, 39.8347, 29.2407
1351, 22.3544, 51.8002, 22.3953, 37.9569, 39.6696, 29.0153
1352, 22.3544, 51.8002, 22.3953, 37.9569, 39.6696, 29.0153
1353, 22.3544, 51.8002, 22.3953, 37.9569, 39.6696, 29.0153
1354, 22.3544, 51.8002, 22.3953, 37.9569, 39.5084, 28.7844
1355, 22.3544, 51.8002, 22.3953, 37.9569, 39.5084, 28.7844
1356, 22.3544, 51.8002, 22.3953, 37.9569, 39.5084, 28.7844
1357, 22.3544, 51.8002, 22.3953, 37.9569, 39.3393, 28.5526
1358, 22.3544, 51.8002, 22.3953, 37.9569, 39.3393, 28.5526
1359, 22.3544, 51.8002, 22.3953, 37.9569, 39.3393, 28.5526
1360, 22.3544, 51.8002, 22.3953, 37.9569, 39.3393, 28.5526
1361, 22.3544, 51.8002, 22.3953, 37.9569, 39.3393, 28.5526
1362, 22.3544, 51.8002, 22.3953, 37.9569, 39.1738, 28.3348
1363, 22.3544, 51.8002, 22.3953, 37.9569, 39.0156, 28.1052
1364, 22.3544, 51.8002, 22.3953, 37.9569, 39.0156, 28.1052
1365, 22.3544, 51.8002, 22.3953, 37.9569, 38.8509, 27.8834
1366, 22.3544, 51.8002, 22.3953, 37.9569, 38.8509, 27.8834
1367, 22.3544, 51.8002, 22.3953, 37.9569, 38.8509, 27.8834
1368, 22.3544, 51.8002, 22.3953, 37.9569, 38.8509, 27.8834
1369, 22.3544, 51.8002, 22.3953, 37.9569, 38.6914, 27.6573
1370, 22.3544, 51.8002, 22.3953, 37.9569, 38.6914, 27.6573
1371, 22.3544, 51.8002, 22.3953, 37.9569, 38.5312, 27.4261
1372, 22.3544, 51.8002, 22.3953, 37.9569, 38.5312, 27.4261
1373, 22.3544, 51.8002, 22.3953, 37.9569, 38.5312, 27.4261
1374, 22.3544, 51.8002, 22.3953, 37.9569, 38.5312, 27.4261
1375, 22.3544, 51.8002, 22.3953, 37.9569, 38.3815, 27.2154
1376, 22.3544, 51.8002, 22.3953, 37.9569, 38.3815, 27.2154
1377, 22.3544, 51.8002, 22.3953, 37.9569, 38.3815, 27.2154
1378, 22.3544, 51.8002, 22.3953, 37.9569, 38.3815, 27.2154
1379, 22.3544, 51.8002, 22.3953, 37.9569, 38.3815, 27.2154
1380, 22.3544, 51.8002, 22.3953, 37.9569, 38.3815, 27.2154
1381, 22.3544, 51.8002, 22.3953, 37.9569, 38.3815, 27.2154
1382, 22.3544, 51.8002, 22.3953, 37.9569, 38.3815, 27.2154
1383, 22.3544, 51.8002, 22.3953, 37.9569, 38.3815, 27.2154
1384, 22.3544, 51.8002, 22.3953, 37.9569, 38.1775, 27.0512
1385, 22.3544, 51.8002, 22.3953, 37.9569, 37.5662, 26.604
1386, 22.3544, 51.8002, 22.3953, 37.9569, 37.5662, 26.604
1387, 22.3544, 51.8002, 22.3953, 37.9569, 37.5662, 26.604
1388, 22.3544, 51.8002, 22.3953, 37.9569, 37.5662, 26.604
1389, 22.3544, 51.8002, 22.3953, 37.9569, 37.5662, 26.604
1390, 22.3544, 51.8002, 22.3953, 37.9569, 37.5662, 26.604
1391, 22.3544, 51.8002, 22.3953, 37.9569, 37.5662, 26.604
1392, 22.3544, 51.8002, 22.3953, 37.9569, 37.5662, 26.604
1393, 22.3544, 51.8002, 22.3953, 37.9569, 37.5662, 26.604
1394, 22.3544, 51.8002, 22.3953, 37.9569, 36.9573, 26.1674
1395, 22.3544, 51.8002, 22.3953, 37.9569, 36.7466, 26.0291
1396, 22.3544, 51.8002, 22.3953, 37.9569, 36.7466, 26.0291
1397, 22.3544, 51.8002, 22.3953, 37.9569, 36.529, 25.8876
1398, 22.3544, 51.8002, 22.3953, 37.9569, 36.529, 25.8876
1399, 22.3544, 51.8002, 22.3953, 37.9569, 36.529, 25.8876
1400, 22.3544, 51.8002, 22.3953, 37.9569, 36.529, 25.8876
1401, 22.3544, 51.8002, 22.3953, 37.9569, 36.3198, 25.7413
1402, 22.3544, 51.8002, 22.3953, 37.9569, 36.3198, 25.7413
1403, 22.3544, 51.8002, 22.3953, 37.9569, 36.3198, 25.7413
1404, 22.3544, 51.8002, 22.3953, 37.9569, 36.119, 25.5924
1405, 22.3544, 51.8002, 22.3953, 37.9569, 36.119, 25.5924
1406, 22.3544, 51.8002, 22.3953, 37.9569, 36.119, 25.5924
1407, 22.3544, 51.8002, 22.3953, 37.9569, 36.119, 25.5924
1408, 22.3544, 51.8002, 22.3953, 37.9569, 36.119, 25.5924
1409, 22.3544, 51.8002, 22.3953, 37.9569, 36.119, 25.5924
1410, 22.3544, 51.8002, 22.3953, 37.9569, 36.119, 25.5924
1411, 22.3544, 51.8002, 22.3953, 37.9569, 35.49, 25.1816
1412, 22.3544, 51.8002, 22.3953, 37.9569, 35.49, 25.1816
1413, 22.3544, 51.8002, 22.3953, 37.9569, 35.2504, 25.0801
1414, 22.3544, 51.8002, 22.3953, 37.9569, 35.2504, 25.0801
1415, 22.3544, 51.8002, 22.3953, 37.9569, 35.2504, 25.0801
1416, 22.3544, 51.8002, 22.3953, 37.9569, 35.2504, 25.0801
1417, 22.3544, 51.8002, 22.3953, 37.9569, 35.2504, 25.0801
1418, 22.3544, 51.8002, 22.3953, 37.9569, 35.2504, 25.0801
1419, 22.3544, 51.8002, 22.3953, 37.9569, 35.2504, 25.0801
1420, 22.3544, 51.8002, 22.3953, 37.9569, 35.2504, 25.0801
1421, 22.3544, 51.8002, 22.3953, 37.9569, 35.2504, 25.0801
1422, 22.3544, 51.8002, 22.3953, 37.9569, 35.2504, 25.0801
1423, 22.3544, 51.8002, 22.3953, 37.9569, 35.2504, 25.0801
1424, 22.3544, 51.8002, 22.3953, 37.9569, 35.2504, 25.0801
1425, 22.3544, 51.8002, 22.3953, 37.9569, 35.2504, 25.0801
1426, 22.3544, 51.8002, 22.3953, 37.9569, 35.2504, 25.0801
1427, 22.3544, 51.8002, 22.3953, 37.9569, 35.2504, 25.0801
1428, 22.3544, 51.8002, 22.3953, 37.9569, 35.2504, 25.0801
1429, 22.3544, 51.8002, 22.3953, 37.9569, 35.2504, 25.0801
1430, 22.3544, 51.8002, 22.3953, 37.9569, 35.2504, 25.0801
1431, 22.3544, 51.8002, 22.3953, 37.9569, 35.2504, 25.0801
1432, 22.3544, 51.8002, 22.3953, 37.9569, 35.2504, 25.0801
1433, 22.3544, 51.8002, 22.3953, 37.9569, 35.2504, 25.0801
1434, 22.3544, 51.8002, 22.3953, 37.9569, 35.2504, 25.0801
1435, 22.3544, 51.8002, 22.3953, 37.9569, 35.2504, 25.0801
1436, 22.3544, 51.8002, 22.3953, 37.9569, 35.2504, 25.0801
1437, 22.3544, 51.8002, 22.3953, 37.9569, 35.2504, 25.0801
1438, 22.3544, 51.8002, 22.3953, 37.9569, 35.2504, 25.0801
1439, 22.3544, 51.8002, 22.3953, 37.9569, 35.2504, 25.0801
1440, 22.3544, 51.8002, 22.3953, 37.9569, 35.2504, 25.0801
1441, 22.3544, 51.8002, 22.3953, 37.9569, 35.2504, 25.0801
1442, 22.3544, 51.8002, 22.3953, 37.9569, 35.2504, 25.0801
1443, 22.3544, 51.8002, 22.3953, 37.9569, 35.2504, 25.0801
1444, 22.3544, 51.8002, 22.3953, 37.9569, 35.2504, 25.0801
1445, 22.3544, 51.8002, 22.3953, 37.9569, 35.2504, 25.0801
1446, 22.3544, 51.8002, 22.3953, 37.9569, 35.2504, 25.0801
1447, 22.3544, 51.8002, 22.3953, 37.9569, 35.2504, 25.0801
1448, 22.3544, 51.8002, 22.3953, 37.9569, 35.2504, 25.0801
1449, 22.3544, 51.8002, 22.3953, 37.9569, 35.2504, 25.0801
1450, 22.3544, 51.8002, 22.3953, 37.9569, 35.2504, 25.0801
1451, 22.3544, 51.8002, 22.3953, 37.9569, 35.2504, 25.0801
1452, 22.3544, 51.8002, 22.3953, 37.9569, 35.2504, 25.0801
1453, 22.3544, 51.8002, 22.3953, 37.9569, 35.2504, 25.0801
1454, 22.3544, 51.8002, 22.3953, 37.9569, 35.2504, 25.0801
1455, 22.3544, 51.8002, 22.3953, 37.9569, 35.2504, 25.0801
1456, 22.3544, 51.8002, 22.3953, 37.9569, 35.2504, 25.0801
1457, 22.3544, 51.8002, 22.3953, 37.9569, 35.2504, 25.0801
1458, 22.3544, 51.8002, 22.3953, 37.9569, 35.2504, 25.0801
1459, 22.3544, 51.8002, 22.3953, 37.9569, 35.2504, 25.0801
1460, 22.3544, 51.8002, 22.3953, 37.9569, 35.2504, 25.0801
1461, 22.3544, 51.8002, 22.3953, 37.9569, 35.0191, 24.9813
1462, 22.3544, 51.8002, 22.3953, 37.9569, 35.0191, 24.9813
1463, 22.3544, 51.8002, 22.3953, 37.9569, 35.0191, 24.9813
1464, 22.3544, 51.8002, 22.3953, 37.9569, 34.7855, 24.9053
1465, 22.3544, 51.8002, 22.3953, 37.9569, 34.6395, 24.9446
1466, 22.3544, 51.8002, 22.3953, 37.9569, 34.5879, 24.977
1467, 22.3544, 51.8002, 22.3953, 37.9569, 34.5879, 24.977
1468, 22.3544, 51.8002, 22.3953, 37.9569, 34.5879, 24.977
1469, 22.3544, 51.8002, 22.3953, 37.9569, 34.4382, 25.1438
1470, 22.3544, 51.8002, 22.3953, 37.9569, 34.3772, 25.1684
1471, 22.3544, 51.8002, 22.3953, 37.9569, 34.3772, 25.1684
1472, 22.3544, 51.8002, 22.3953, 37.9569, 34.3772, 25.1684
1473, 22.3544, 51.8002, 22.3953, 37.9569, 34.0511, 25.2816
1474, 22.3544, 51.8002, 22.3953, 37.9569, 34.0511, 25.2816
1475, 22.3544, 51.8002, 22.3953, 37.9569, 34.0511, 25.2816
1476, 22.3544, 51.8002, 22.3953, 37.9569, 34.0511, 25.2816
1477, 22.3544, 51.8002, 22.3953, 37.9569, 33.7252, 25.4101
1478, 22.3544, 51.8002, 22.3953, 37.9569, 33.7252, 25.4101
1479, 22.3544, 51.8002, 22.3953, 37.9569, 33.7252, 25.4101
1480, 22.3544, 51.8002, 22.3953, 37.9569, 33.7252, 25.4101
1481, 22.3544, 51.8002, 22.3953, 37.9569, 33.4203, 25.5555
1482, 22.3544, 51.8002, 22.3953, 37.9569, 33.4203, 25.5555
1483, 22.3544, 51.8002, 22.3953, 37.9569, 33.4203, 25.5555
1484, 22.3544, 51.8002, 22.3953, 37.9569, 33.1604, 25.7029
1485, 22.3544, 51.8002, 22.3953, 37.9569, 33.1604, 25.7029
1486, 22.3544, 51.8002, 22.3953, 37.9569, 33.1604, 25.7029
1487, 22.3544, 51.8002, 22.3953, 37.9569, 33.1604, 25.7029
1488, 22.3544, 51.8002, 22.3953, 37.9569, 32.9011, 25.8526
1489, 22.3544, 51.8002, 22.3953, 37.9569, 32.9011, 25.8526
1490, 22.3544, 51.8002, 22.3953, 37.9569, 32.7034, 26.0201
1491, 22.3544, 51.8002, 22.3953, 37.9569, 32.7034, 26.0201
1492, 22.3544, 51.8002, 22.3953, 37.9569, 32.7034, 26.0201
1493, 22.3544, 51.8002, 22.3953, 37.9569, 32.4905, 26.1876
1494, 22.3544, 51.8002, 22.3953, 37.9569, 32.4905, 26.1876
1495, 22.3544, 51.8002, 22.3953, 37.9569, 32.4905, 26.1876
1496, 22.3544, 51.8002, 22.3953, 37.9569, 32.2588, 26.3547
1497, 22.3544, 51.8002, 22.3953, 37.9569, 32.2588, 26.3547
1498, 22.3544, 51.8002, 22.3953, 37.9569, 32.2588, 26.3547
1499, 22.3544, 51.8002, 22.3953, 37.9569, 32.2588, 26.3547
1500, 22.3544, 51.8002, 22.3953, 37.9569, 32.2588, 26.3547
1501, 22.3544, 51.8002, 22.3953, 37.9569, 32.2588, 26.3547
1502, 22.3544, 51.8002, 22.3953, 37.9569, 32.2588, 26.3547
1503, 22.3544, 51.8002, 22.3953, 37.9569, 32.1623, 26.3982
1504, 22.3544, 51.8002, 22.3953, 37.9569, 32.1574, 26.3904
1505, 22.3544, 51.8002, 22.3953, 37.9569, 32.1518, 26.3885
1506, 22.3544, 51.8002, 22.3953, 37.9569, 32.1396, 26.368
1507, 22.3544, 51.8002, 22.3953, 37.9569, 32.1391, 26.3623
1508, 22.3544, 51.8002, 22.3953, 37.9569, 32.1462, 26.3456
1509, 22.3544, 51.8002, 22.3953, 37.9569, 32.1462, 26.3456
1510, 22.3544, 51.8002, 22.3953, 37.9569, 32.1372, 26.3433
1511, 22.3544, 51.8002, 22.3953, 37.9569, 32.1372, 26.3433
1512, 22.3544, 51.8002, 22.3953, 37.9569, 32.1159, 26.314
1513, 22.3544, 51.8002, 22.3953, 37.9569, 32.1197, 26.3083
1514, 22.3544, 51.8002, 22.3953, 37.9569, 32.1317, 26.2907
1515, 22.3544, 51.8002, 22.3953, 37.9569, 32.1303, 26.2815
1516, 22.3544, 51.8002, 22.3953, 37.9569, 32.1224, 26.2794
1517, 22.3544, 51.8002, 22.3953, 37.9569, 32.1152, 26.2771
1518, 22.3544, 51.8002, 22.3953, 37.9569, 32.1182, 26.2688
1519, 22.3544, 51.8002, 22.3953, 37.9569, 32.1182, 26.2688
1520, 22.3544, 51.8002, 22.3953, 37.9569, 32.1182, 26.2688
1521, 22.3544, 51.8002, 22.3953, 37.9569, 32.1182, 26.2688
1522, 22.3544, 51.8002, 22.3953, 37.9569, 32.1182, 26.2688
1523, 22.3544, 51.8002, 22.3953, 37.9569, 32.1182, 26.2688
1524, 22.3544, 51.8002, 22.3953, 37.9569, 32.1182, 26.2688
1525, 22.3544, 51.8002, 22.3953, 37.9569, 32.1182, 26.2688
1526, 22.3544, 51.8002, 22.3953, 37.9569, 32.1182, 26.2688
1527, 22.3544, 51.8002, 22.3953, 37.9569, 32.1182, 26.2688
1528, 22.3544, 51.8002, 22.3953, 37.9569, 32.1182, 26.2688
1529, 22.3544, 51.8002, 22.3953, 37.9569, 32.1182, 26.2688
1530, 22.3544, 51.8002, 22.3953, 37.9569, 32.1182, 26.2688
1531, 22.3544, 51.8002, 22.3953, 37.9569, 32.1282, 26.2622
1532, 22.3544, 51.8002, 22.3953, 37.9569, 32.1319, 26.2566
1533, 22.3544, 51.8002, 22.3953, 37.9569, 32.1312, 26.2531
1534, 22.3544, 51.8002, 22.3953, 37.9569, 32.1399, 26.2342
1535, 22.3544, 51.8002, 22.3953, 37.9569, 32.1453, 26.2221
1536, 22.3544, 51.8002, 22.3953, 37.9569, 32.1418, 26.2262
1537, 22.3544, 51.8002, 22.3953, 37.9569, 32.1455, 26.2175
1538, 22.3544, 51.8002, 22.3953, 37.9569, 32.1474, 26.2117
1539, 22.3544, 51.8002, 22.3953, 37.9569, 32.1457, 26.2116
1540, 22.3544, 51.8002, 22.3953, 37.9569, 32.1506, 26.2056
1541, 22.3544, 51.8002, 22.3953, 37.9569, 32.1498, 26.1979
1542, 22.3544, 51.8002, 22.3953, 37.9569, 32.15, 26.1894
1543, 22.3544, 51.8002, 22.3953, 37.9569, 32.1553, 26.1772
1544, 22.3544, 51.8002, 22.3953, 37.9569, 32.1548, 26.1732
1545, 22.3544, 51.8002, 22.3953, 37.9569, 32.162, 26.1599
1546, 22.3544, 51.8002, 22.3953, 37.9569, 32.164, 26.1553
1547, 22.3544, 51.8002, 22.3953, 37.9569, 32.1614, 26.1523
1548, 22.3544, 51.8002, 22.3953, 37.9569, 32.1614, 26.1523
1549, 22.3544, 51.8002, 22.3953, 37.9569, 32.1614, 26.1523
1550, 22.3544, 51.8002, 22.3953, 37.9569, 32.0621, 26.199
1551, 22.3544, 51.8002, 22.3953, 37.9569, 32.0251, 26.2438
