0, 0, 0, 0, 0, 0, 0
1, 0, 0, 0, 0, 0, 0
2, 22.3368, 52.6273, 23.2004, 53.4553, 0, 0
3, 22.3368, 52.6273, 23.2004, 53.4553, 0, 0
4, 22.3368, 52.6273, 23.2004, 53.4553, 0, 0
5, 22.3368, 52.6273, 23.2004, 53.4553, 0, 0
6, 22.3368, 52.6273, 23.2004, 53.4553, 0, 0
7, 22.3368, 52.6273, 23.2004, 53.4553, 0, 0
8, 22.3368, 52.6273, 23.2004, 53.4553, 0, 0
9, 22.3368, 52.6273, 23.2004, 53.4553, 0, 0
10, 22.3368, 52.6273, 23.2004, 53.4553, 0, 0
11, 22.3368, 52.6273, 23.2004, 53.4553, 0, 0
12, 22.3368, 52.6273, 23.2004, 53.4553, 0, 0
13, 22.3368, 52.6273, 23.2004, 53.4553, 0, 0
14, 22.3368, 52.6273, 23.2004, 53.4553, 0, 0
15, 22.3368, 52.6273, 23.2004, 53.4553, 0, 0
16, 22.3368, 52.6273, 23.2004, 53.4553, 0, 0
17, 22.3368, 52.6273, 23.2004, 53.4553, 0, 0
18, 22.1442, 52.8311, 23.2004, 53.4553, 0, 0
19, 21.9612, 53.0652, 23.2004, 53.4553, 0, 0
20, 21.7898, 53.3061, 23.2004, 53.4553, 0, 0
21, 21.616, 53.5433, 23.2004, 53.4553, 0, 0
22, 21.4429, 53.7315, 23.2004, 53.4553, 0, 0
23, 21.4429, 53.7315, 23.2004, 53.4553, 0, 0
24, 21.2506, 53.9143, 23.2004, 53.4553, 0, 0
25, 21.0655, 54.0919, 23.1939, 53.1895, 0, 0
26, 20.8551, 54.302, 23.1939, 53.1895, 0, 0
27, 20.6818, 54.491, 23.1148, 52.9059, 0, 0
28, 20.5004, 54.688, 23.0408, 52.6278, 0, 0
29, 20.5004, 54.688, 23.0128, 52.4425, 0, 0
30, 20.3302, 54.8702, 23.0772, 52.2249, 0, 0
31, 19.9754, 55.2318, 23.2342, 51.9412, 0, 0
32, 19.9754, 55.2318, 23.4204, 51.7025, 0, 0
33, 19.7815, 55.4269, 23.4204, 51.7025, 0, 0
34, 19.5962, 55.62, 23.6276, 51.4424, 0, 0
35, 19.4273, 55.7976, 23.6276, 51.4424, 0, 0
36, 19.2518, 55.9864, 23.8167, 51.1768, 0, 0
37, 19.0752, 56.1768, 23.9961, 50.8868, 0, 0
38, 18.901, 56.3457, 24.1892, 50.6219, 0, 0
39, 18.7195, 56.5285, 24.1892, 50.6219, 0, 0
40, 18.542, 56.7085, 24.3816, 50.3469, 0, 0
41, 18.3649, 56.886, 24.5543, 50.1012, 0, 0
42, 18.1751, 57.0634, 24.5543, 50.1012, 0, 0
43, 17.9786, 57.2275, 24.7343, 49.8613, 0, 0
44, 17.773, 57.3782, 24.9318, 49.6366, 0, 0
45, 17.5395, 57.5233, 25.1359, 49.3974, 0, 0
46, 17.5395, 57.5233, 25.1359, 49.3974, 0, 0
47, 17.2778, 57.6277, 25.3292, 49.1474, 0, 0
48, 17.2778, 57.6277, 25.3292, 49.1474, 0, 0
49, 17.0832, 57.656, 25.3292, 49.1474, 0, 0
50, 17.0832, 57.656, 25.3292, 49.1474, 0, 0
51, 16.7923, 57.6419, 25.3292, 49.1474, 0, 0
52, 16.7923, 57.6419, 25.3292, 49.1474, 0, 0
53, 16.7923, 57.6419, 25.3292, 49.1474, 0, 0
54, 16.7923, 57.6419, 25.3292, 49.1474, 0, 0
55, 16.7923, 57.6419, 25.3292, 49.1474, 0, 0
56, 16.7923, 57.6419, 25.3292, 49.1474, 0, 0
57, 16.7923, 57.6419, 25.3292, 49.1474, 0, 0
58, 16.0472, 57.3058, 25.514, 48.9065, 0, 0
59, 16.0472, 57.3058, 25.9468, 48.4407, 0, 0
60, 16.0472, 57.3058, 25.9468, 48.4407, 0, 0
61, 15.8584, 57.1443, 25.9468, 48.4407, 0, 0
62, 15.671, 56.9773, 26.1303, 48.2088, 0, 0
63, 15.671, 56.9773, 26.3322, 47.9535, 0, 0
64, 15.4699, 56.7992, 26.3322, 47.9535, 0, 0
65, 15.2711, 56.6307, 26.5409, 47.6983, 0, 0
66, 15.0703, 56.4744, 26.5409, 47.6983, 0, 0
67, 14.8629, 56.3145, 26.7339, 47.4407, 0, 0
68, 14.6669, 56.1354, 26.9399, 47.1765, 0, 0
69, 14.6669, 56.1354, 26.9399, 47.1765, 0, 0
70, 14.4777, 55.9513, 27.1515, 46.9388, 0, 0
71, 14.4777, 55.9513, 27.1515, 46.9388, 0, 0
72, 14.4777, 55.9513, 27.1515, 46.9388, 0, 0
73, 14.4777, 55.9513, 27.1515, 46.9388, 0, 0
74, 14.4777, 55.9513, 27.1515, 46.9388, 0, 0
75, 14.4777, 55.9513, 27.1515, 46.9388, 0, 0
76, 14.4777, 55.9513, 27.1515, 46.9388, 0, 0
77, 14.4777, 55.9513, 27.1515, 46.9388, 0, 0
78, 14.4777, 55.9513, 27.1515, 46.9388, 0, 0
79, 14.4777, 55.9513, 27.1515, 46.9388, 0, 0
80, 13.741, 55.2724, 27.3585, 46.7131, 0, 0
81, 13.741, 55.2724, 27.7453, 46.2742, 0, 0
82, 13.741, 55.2724, 27.7453, 46.2742, 0, 0
83, 13.741, 55.2724, 27.7453, 46.2742, 0, 0
84, 13.5488, 55.1005, 27.953, 46.0257, 0, 0
85, 13.5488, 55.1005, 27.953, 46.0257, 0, 0
86, 13.5488, 55.1005, 27.953, 46.0257, 0, 0
87, 13.5488, 55.1005, 27.953, 46.0257, 0, 0
88, 13.5488, 55.1005, 27.953, 46.0257, 0, 0
89, 13.5488, 55.1005, 27.953, 46.0257, 0, 0
90, 13.364, 54.9315, 27.953, 46.0257, 0, 0
91, 13.364, 54.9315, 27.953, 46.0257, 0, 0
92, 13.364, 54.9315, 27.953, 46.0257, 0, 0
93, 13.364, 54.9315, 27.953, 46.0257, 0, 0
94, 13.364, 54.9315, 27.953, 46.0257, 0, 0
95, 13.364, 54.9315, 27.953, 46.0257, 0, 0
96, 13.364, 54.9315, 27.953, 46.0257, 0, 0
97, 13.364, 54.9315, 27.953, 46.0257, 0, 0
98, 13.364, 54.9315, 27.953, 46.0257, 0, 0
99, 13.364, 54.9315, 27.953, 46.0257, 0, 0
100, 13.364, 54.9315, 27.953, 46.0257, 0, 0
101, 13.364, 54.9315, 27.953, 46.0257, 0, 0
102, 13.364, 54.9315, 28.1685, 45.7175, 0, 0
103, 13.364, 54.9315, 28.1685, 45.7175, 0, 0
104, 13.364, 54.9315, 28.1685, 45.7175, 0, 0
105, 13.364, 54.9315, 28.3713, 45.4636, 0, 0
106, 13.2622, 54.8512, 28.3713, 45.4636, 0, 0
107, 13.2606, 54.8479, 28.5636, 45.1983, 0, 0
108, 13.2497, 54.8377, 28.5636, 45.1983, 0, 0
109, 13.2497, 54.8377, 28.5636, 45.1983, 0, 0
110, 13.2622, 54.8399, 28.7639, 44.9231, 0, 0
111, 13.2575, 54.836, 28.7639, 44.9231, 0, 0
112, 13.2575, 54.836, 28.9683, 44.6886, 0, 0
113, 13.2582, 54.8341, 29.0437, 44.6343, 0, 0
114, 13.2582, 54.8341, 29.0437, 44.6343, 0, 0
115, 13.2582, 54.8341, 29.0437, 44.6343, 0, 0
116, 13.2582, 54.8341, 29.0437, 44.6343, 0, 0
117, 13.2582, 54.8341, 29.2291, 44.5403, 0, 0
118, 13.2582, 54.8341, 29.2266, 44.5305, 0, 0
